1600
0 1 498 499 0
0 21 498 519 0
1 2 499 500 0
2 3 500 501 0
3 4 501 502 0
4 5 502 503 0
5 6 503 504 0
6 7 504 505 0
7 8 505 506 0
8 9 506 507 0
9 10 507 508 0
10 11 508 509 0
11 12 509 510 0
12 13 510 511 0
13 14 511 512 0
14 15 512 513 0
15 16 513 514 0
16 17 514 515 0
17 18 515 516 0
18 19 516 517 0
19 20 517 518 0
20 41 518 539 0
21 42 519 540 0
41 61 539 559 0
42 62 540 560 0
61 82 559 580 0
62 83 560 581 0
82 102 580 600 0
83 103 581 601 0
102 123 600 621 0
103 124 601 622 0
123 144 621 642 0
124 145 622 643 0
144 165 642 663 0
145 166 643 664 0
165 186 663 684 0
166 187 664 685 0
186 207 684 705 0
187 208 685 706 0
207 227 705 725 0
208 228 706 726 0
227 248 725 746 0
228 249 726 747 0
248 269 746 767 0
249 270 747 768 0
269 290 767 788 0
270 291 768 789 0
290 311 788 809 0
291 312 789 810 0
311 332 809 830 0
312 333 810 831 0
332 353 830 851 0
333 354 831 852 0
353 374 851 872 0
354 375 852 873 0
374 395 872 893 0
375 396 873 894 0
395 416 893 914 0
396 417 894 915 0
416 437 914 935 0
417 418 915 916 0
418 419 916 917 0
419 420 917 918 0
420 421 918 919 0
421 422 919 920 0
422 423 920 921 0
423 424 921 922 0
424 425 922 923 0
425 426 923 924 0
426 427 924 925 0
427 428 925 926 0
428 429 926 927 0
429 430 927 928 0
430 431 928 929 0
431 432 929 930 0
432 433 930 931 0
433 434 931 932 0
434 435 932 933 0
435 436 933 934 0
436 437 934 935 0
498 499 996 997 0
498 519 996 1017 0
499 500 997 998 0
500 501 998 999 0
501 502 999 1000 0
502 503 1000 1001 0
503 504 1001 1002 0
504 505 1002 1003 0
505 506 1003 1004 0
506 507 1004 1005 0
507 508 1005 1006 0
508 509 1006 1007 0
509 510 1007 1008 0
510 511 1008 1009 0
511 512 1009 1010 0
512 513 1010 1011 0
513 514 1011 1012 0
514 515 1012 1013 0
515 516 1013 1014 0
516 517 1014 1015 0
517 518 1015 1016 0
518 539 1016 1037 0
519 540 1017 1038 0
539 559 1037 1057 0
540 560 1038 1058 0
559 580 1057 1078 0
560 581 1058 1079 0
580 600 1078 1098 0
581 601 1079 1099 0
600 621 1098 1119 0
601 622 1099 1120 0
621 642 1119 1140 0
622 643 1120 1141 0
642 663 1140 1161 0
643 664 1141 1162 0
663 684 1161 1182 0
664 685 1162 1183 0
684 705 1182 1203 0
685 706 1183 1204 0
705 725 1203 1223 0
706 726 1204 1224 0
725 746 1223 1244 0
726 747 1224 1245 0
746 767 1244 1265 0
747 768 1245 1266 0
767 788 1265 1286 0
768 789 1266 1287 0
788 809 1286 1307 0
789 810 1287 1308 0
809 830 1307 1328 0
810 831 1308 1329 0
830 851 1328 1349 0
831 852 1329 1350 0
851 872 1349 1370 0
852 873 1350 1371 0
872 893 1370 1391 0
873 894 1371 1392 0
893 914 1391 1412 0
894 915 1392 1413 0
914 935 1412 1433 0
915 916 1413 1414 0
916 917 1414 1415 0
917 918 1415 1416 0
918 919 1416 1417 0
919 920 1417 1418 0
920 921 1418 1419 0
921 922 1419 1420 0
922 923 1420 1421 0
923 924 1421 1422 0
924 925 1422 1423 0
925 926 1423 1424 0
926 927 1424 1425 0
927 928 1425 1426 0
928 929 1426 1427 0
929 930 1427 1428 0
930 931 1428 1429 0
931 932 1429 1430 0
932 933 1430 1431 0
933 934 1431 1432 0
934 935 1432 1433 0
996 997 1494 1495 0
996 1017 1494 1515 0
997 998 1495 1496 0
998 999 1496 1497 0
999 1000 1497 1498 0
1000 1001 1498 1499 0
1001 1002 1499 1500 0
1002 1003 1500 1501 0
1003 1004 1501 1502 0
1004 1005 1502 1503 0
1005 1006 1503 1504 0
1006 1007 1504 1505 0
1007 1008 1505 1506 0
1008 1009 1506 1507 0
1009 1010 1507 1508 0
1010 1011 1508 1509 0
1011 1012 1509 1510 0
1012 1013 1510 1511 0
1013 1014 1511 1512 0
1014 1015 1512 1513 0
1015 1016 1513 1514 0
1016 1037 1514 1535 0
1017 1038 1515 1536 0
1037 1057 1535 1555 0
1038 1058 1536 1556 0
1057 1078 1555 1576 0
1058 1079 1556 1577 0
1078 1098 1576 1596 0
1079 1099 1577 1597 0
1098 1119 1596 1617 0
1099 1120 1597 1618 0
1119 1140 1617 1638 0
1120 1141 1618 1639 0
1140 1161 1638 1659 0
1141 1162 1639 1660 0
1161 1182 1659 1680 0
1162 1183 1660 1681 0
1182 1203 1680 1701 0
1183 1204 1681 1702 0
1203 1223 1701 1721 0
1204 1224 1702 1722 0
1223 1244 1721 1742 0
1224 1245 1722 1743 0
1244 1265 1742 1763 0
1245 1266 1743 1764 0
1265 1286 1763 1784 0
1266 1287 1764 1785 0
1286 1307 1784 1805 0
1287 1308 1785 1806 0
1307 1328 1805 1826 0
1308 1329 1806 1827 0
1328 1349 1826 1847 0
1329 1350 1827 1848 0
1349 1370 1847 1868 0
1350 1371 1848 1869 0
1370 1391 1868 1889 0
1371 1392 1869 1890 0
1391 1412 1889 1910 0
1392 1413 1890 1911 0
1412 1433 1910 1931 0
1413 1414 1911 1912 0
1414 1415 1912 1913 0
1415 1416 1913 1914 0
1416 1417 1914 1915 0
1417 1418 1915 1916 0
1418 1419 1916 1917 0
1419 1420 1917 1918 0
1420 1421 1918 1919 0
1421 1422 1919 1920 0
1422 1423 1920 1921 0
1423 1424 1921 1922 0
1424 1425 1922 1923 0
1425 1426 1923 1924 0
1426 1427 1924 1925 0
1427 1428 1925 1926 0
1428 1429 1926 1927 0
1429 1430 1927 1928 0
1430 1431 1928 1929 0
1431 1432 1929 1930 0
1432 1433 1930 1931 0
1494 1495 1992 1993 0
1494 1515 1992 2013 0
1495 1496 1993 1994 0
1496 1497 1994 1995 0
1497 1498 1995 1996 0
1498 1499 1996 1997 0
1499 1500 1997 1998 0
1500 1501 1998 1999 0
1501 1502 1999 2000 0
1502 1503 2000 2001 0
1503 1504 2001 2002 0
1504 1505 2002 2003 0
1505 1506 2003 2004 0
1506 1507 2004 2005 0
1507 1508 2005 2006 0
1508 1509 2006 2007 0
1509 1510 2007 2008 0
1510 1511 2008 2009 0
1511 1512 2009 2010 0
1512 1513 2010 2011 0
1513 1514 2011 2012 0
1514 1535 2012 2033 0
1515 1536 2013 2034 0
1535 1555 2033 2053 0
1536 1556 2034 2054 0
1555 1576 2053 2074 0
1556 1577 2054 2075 0
1576 1596 2074 2094 0
1577 1597 2075 2095 0
1596 1617 2094 2115 0
1597 1618 2095 2116 0
1617 1638 2115 2136 0
1618 1639 2116 2137 0
1638 1659 2136 2157 0
1639 1660 2137 2158 0
1659 1680 2157 2178 0
1660 1681 2158 2179 0
1680 1701 2178 2199 0
1681 1702 2179 2200 0
1701 1721 2199 2219 0
1702 1722 2200 2220 0
1721 1742 2219 2240 0
1722 1743 2220 2241 0
1742 1763 2240 2261 0
1743 1764 2241 2262 0
1763 1784 2261 2282 0
1764 1785 2262 2283 0
1784 1805 2282 2303 0
1785 1806 2283 2304 0
1805 1826 2303 2324 0
1806 1827 2304 2325 0
1826 1847 2324 2345 0
1827 1848 2325 2346 0
1847 1868 2345 2366 0
1848 1869 2346 2367 0
1868 1889 2366 2387 0
1869 1890 2367 2388 0
1889 1910 2387 2408 0
1890 1911 2388 2409 0
1910 1931 2408 2429 0
1911 1912 2409 2410 0
1912 1913 2410 2411 0
1913 1914 2411 2412 0
1914 1915 2412 2413 0
1915 1916 2413 2414 0
1916 1917 2414 2415 0
1917 1918 2415 2416 0
1918 1919 2416 2417 0
1919 1920 2417 2418 0
1920 1921 2418 2419 0
1921 1922 2419 2420 0
1922 1923 2420 2421 0
1923 1924 2421 2422 0
1924 1925 2422 2423 0
1925 1926 2423 2424 0
1926 1927 2424 2425 0
1927 1928 2425 2426 0
1928 1929 2426 2427 0
1929 1930 2427 2428 0
1930 1931 2428 2429 0
1992 1993 2490 2491 0
1992 2013 2490 2511 0
1993 1994 2491 2492 0
1994 1995 2492 2493 0
1995 1996 2493 2494 0
1996 1997 2494 2495 0
1997 1998 2495 2496 0
1998 1999 2496 2497 0
1999 2000 2497 2498 0
2000 2001 2498 2499 0
2001 2002 2499 2500 0
2002 2003 2500 2501 0
2003 2004 2501 2502 0
2004 2005 2502 2503 0
2005 2006 2503 2504 0
2006 2007 2504 2505 0
2007 2008 2505 2506 0
2008 2009 2506 2507 0
2009 2010 2507 2508 0
2010 2011 2508 2509 0
2011 2012 2509 2510 0
2012 2033 2510 2531 0
2013 2034 2511 2532 0
2033 2053 2531 2551 0
2034 2054 2532 2552 0
2053 2074 2551 2572 0
2054 2075 2552 2573 0
2074 2094 2572 2592 0
2075 2095 2573 2593 0
2094 2115 2592 2613 0
2095 2116 2593 2614 0
2115 2136 2613 2634 0
2116 2137 2614 2635 0
2136 2157 2634 2655 0
2137 2158 2635 2656 0
2157 2178 2655 2676 0
2158 2179 2656 2677 0
2178 2199 2676 2697 0
2179 2200 2677 2698 0
2199 2219 2697 2717 0
2200 2220 2698 2718 0
2219 2240 2717 2738 0
2220 2241 2718 2739 0
2240 2261 2738 2759 0
2241 2262 2739 2760 0
2261 2282 2759 2780 0
2262 2283 2760 2781 0
2282 2303 2780 2801 0
2283 2304 2781 2802 0
2303 2324 2801 2822 0
2304 2325 2802 2823 0
2324 2345 2822 2843 0
2325 2346 2823 2844 0
2345 2366 2843 2864 0
2346 2367 2844 2865 0
2366 2387 2864 2885 0
2367 2388 2865 2886 0
2387 2408 2885 2906 0
2388 2409 2886 2907 0
2408 2429 2906 2927 0
2409 2410 2907 2908 0
2410 2411 2908 2909 0
2411 2412 2909 2910 0
2412 2413 2910 2911 0
2413 2414 2911 2912 0
2414 2415 2912 2913 0
2415 2416 2913 2914 0
2416 2417 2914 2915 0
2417 2418 2915 2916 0
2418 2419 2916 2917 0
2419 2420 2917 2918 0
2420 2421 2918 2919 0
2421 2422 2919 2920 0
2422 2423 2920 2921 0
2423 2424 2921 2922 0
2424 2425 2922 2923 0
2425 2426 2923 2924 0
2426 2427 2924 2925 0
2427 2428 2925 2926 0
2428 2429 2926 2927 0
2490 2491 2988 2989 0
2490 2511 2988 3009 0
2491 2492 2989 2990 0
2492 2493 2990 2991 0
2493 2494 2991 2992 0
2494 2495 2992 2993 0
2495 2496 2993 2994 0
2496 2497 2994 2995 0
2497 2498 2995 2996 0
2498 2499 2996 2997 0
2499 2500 2997 2998 0
2500 2501 2998 2999 0
2501 2502 2999 3000 0
2502 2503 3000 3001 0
2503 2504 3001 3002 0
2504 2505 3002 3003 0
2505 2506 3003 3004 0
2506 2507 3004 3005 0
2507 2508 3005 3006 0
2508 2509 3006 3007 0
2509 2510 3007 3008 0
2510 2531 3008 3029 0
2511 2532 3009 3030 0
2531 2551 3029 3049 0
2532 2552 3030 3050 0
2551 2572 3049 3070 0
2552 2573 3050 3071 0
2572 2592 3070 3090 0
2573 2593 3071 3091 0
2592 2613 3090 3111 0
2593 2614 3091 3112 0
2613 2634 3111 3132 0
2614 2635 3112 3133 0
2634 2655 3132 3153 0
2635 2656 3133 3154 0
2655 2676 3153 3174 0
2656 2677 3154 3175 0
2676 2697 3174 3195 0
2677 2698 3175 3196 0
2697 2717 3195 3215 0
2698 2718 3196 3216 0
2717 2738 3215 3236 0
2718 2739 3216 3237 0
2738 2759 3236 3257 0
2739 2760 3237 3258 0
2759 2780 3257 3278 0
2760 2781 3258 3279 0
2780 2801 3278 3299 0
2781 2802 3279 3300 0
2801 2822 3299 3320 0
2802 2823 3300 3321 0
2822 2843 3320 3341 0
2823 2844 3321 3342 0
2843 2864 3341 3362 0
2844 2865 3342 3363 0
2864 2885 3362 3383 0
2865 2886 3363 3384 0
2885 2906 3383 3404 0
2886 2907 3384 3405 0
2906 2927 3404 3425 0
2907 2908 3405 3406 0
2908 2909 3406 3407 0
2909 2910 3407 3408 0
2910 2911 3408 3409 0
2911 2912 3409 3410 0
2912 2913 3410 3411 0
2913 2914 3411 3412 0
2914 2915 3412 3413 0
2915 2916 3413 3414 0
2916 2917 3414 3415 0
2917 2918 3415 3416 0
2918 2919 3416 3417 0
2919 2920 3417 3418 0
2920 2921 3418 3419 0
2921 2922 3419 3420 0
2922 2923 3420 3421 0
2923 2924 3421 3422 0
2924 2925 3422 3423 0
2925 2926 3423 3424 0
2926 2927 3424 3425 0
2988 2989 3486 3487 0
2988 3009 3486 3507 0
2989 2990 3487 3488 0
2990 2991 3488 3489 0
2991 2992 3489 3490 0
2992 2993 3490 3491 0
2993 2994 3491 3492 0
2994 2995 3492 3493 0
2995 2996 3493 3494 0
2996 2997 3494 3495 0
2997 2998 3495 3496 0
2998 2999 3496 3497 0
2999 3000 3497 3498 0
3000 3001 3498 3499 0
3001 3002 3499 3500 0
3002 3003 3500 3501 0
3003 3004 3501 3502 0
3004 3005 3502 3503 0
3005 3006 3503 3504 0
3006 3007 3504 3505 0
3007 3008 3505 3506 0
3008 3029 3506 3527 0
3009 3030 3507 3528 0
3029 3049 3527 3547 0
3030 3050 3528 3548 0
3049 3070 3547 3568 0
3050 3071 3548 3569 0
3070 3090 3568 3588 0
3071 3091 3569 3589 0
3090 3111 3588 3609 0
3091 3112 3589 3610 0
3111 3132 3609 3630 0
3112 3133 3610 3631 0
3132 3153 3630 3651 0
3133 3154 3631 3652 0
3153 3174 3651 3672 0
3154 3175 3652 3673 0
3174 3195 3672 3693 0
3175 3196 3673 3694 0
3195 3215 3693 3713 0
3196 3216 3694 3714 0
3215 3236 3713 3734 0
3216 3237 3714 3735 0
3236 3257 3734 3755 0
3237 3258 3735 3756 0
3257 3278 3755 3776 0
3258 3279 3756 3777 0
3278 3299 3776 3797 0
3279 3300 3777 3798 0
3299 3320 3797 3818 0
3300 3321 3798 3819 0
3320 3341 3818 3839 0
3321 3342 3819 3840 0
3341 3362 3839 3860 0
3342 3363 3840 3861 0
3362 3383 3860 3881 0
3363 3384 3861 3882 0
3383 3404 3881 3902 0
3384 3405 3882 3903 0
3404 3425 3902 3923 0
3405 3406 3903 3904 0
3406 3407 3904 3905 0
3407 3408 3905 3906 0
3408 3409 3906 3907 0
3409 3410 3907 3908 0
3410 3411 3908 3909 0
3411 3412 3909 3910 0
3412 3413 3910 3911 0
3413 3414 3911 3912 0
3414 3415 3912 3913 0
3415 3416 3913 3914 0
3416 3417 3914 3915 0
3417 3418 3915 3916 0
3418 3419 3916 3917 0
3419 3420 3917 3918 0
3420 3421 3918 3919 0
3421 3422 3919 3920 0
3422 3423 3920 3921 0
3423 3424 3921 3922 0
3424 3425 3922 3923 0
3486 3487 3984 3985 0
3486 3507 3984 4005 0
3487 3488 3985 3986 0
3488 3489 3986 3987 0
3489 3490 3987 3988 0
3490 3491 3988 3989 0
3491 3492 3989 3990 0
3492 3493 3990 3991 0
3493 3494 3991 3992 0
3494 3495 3992 3993 0
3495 3496 3993 3994 0
3496 3497 3994 3995 0
3497 3498 3995 3996 0
3498 3499 3996 3997 0
3499 3500 3997 3998 0
3500 3501 3998 3999 0
3501 3502 3999 4000 0
3502 3503 4000 4001 0
3503 3504 4001 4002 0
3504 3505 4002 4003 0
3505 3506 4003 4004 0
3506 3527 4004 4025 0
3507 3528 4005 4026 0
3527 3547 4025 4045 0
3528 3548 4026 4046 0
3547 3568 4045 4066 0
3548 3569 4046 4067 0
3568 3588 4066 4086 0
3569 3589 4067 4087 0
3588 3609 4086 4107 0
3589 3610 4087 4108 0
3609 3630 4107 4128 0
3610 3631 4108 4129 0
3630 3651 4128 4149 0
3631 3652 4129 4150 0
3651 3672 4149 4170 0
3652 3673 4150 4171 0
3672 3693 4170 4191 0
3673 3694 4171 4192 0
3693 3713 4191 4211 0
3694 3714 4192 4212 0
3713 3734 4211 4232 0
3714 3735 4212 4233 0
3734 3755 4232 4253 0
3735 3756 4233 4254 0
3755 3776 4253 4274 0
3756 3777 4254 4275 0
3776 3797 4274 4295 0
3777 3798 4275 4296 0
3797 3818 4295 4316 0
3798 3819 4296 4317 0
3818 3839 4316 4337 0
3819 3840 4317 4338 0
3839 3860 4337 4358 0
3840 3861 4338 4359 0
3860 3881 4358 4379 0
3861 3882 4359 4380 0
3881 3902 4379 4400 0
3882 3903 4380 4401 0
3902 3923 4400 4421 0
3903 3904 4401 4402 0
3904 3905 4402 4403 0
3905 3906 4403 4404 0
3906 3907 4404 4405 0
3907 3908 4405 4406 0
3908 3909 4406 4407 0
3909 3910 4407 4408 0
3910 3911 4408 4409 0
3911 3912 4409 4410 0
3912 3913 4410 4411 0
3913 3914 4411 4412 0
3914 3915 4412 4413 0
3915 3916 4413 4414 0
3916 3917 4414 4415 0
3917 3918 4415 4416 0
3918 3919 4416 4417 0
3919 3920 4417 4418 0
3920 3921 4418 4419 0
3921 3922 4419 4420 0
3922 3923 4420 4421 0
3984 3985 4482 4483 0
3984 4005 4482 4503 0
3985 3986 4483 4484 0
3986 3987 4484 4485 0
3987 3988 4485 4486 0
3988 3989 4486 4487 0
3989 3990 4487 4488 0
3990 3991 4488 4489 0
3991 3992 4489 4490 0
3992 3993 4490 4491 0
3993 3994 4491 4492 0
3994 3995 4492 4493 0
3995 3996 4493 4494 0
3996 3997 4494 4495 0
3997 3998 4495 4496 0
3998 3999 4496 4497 0
3999 4000 4497 4498 0
4000 4001 4498 4499 0
4001 4002 4499 4500 0
4002 4003 4500 4501 0
4003 4004 4501 4502 0
4004 4025 4502 4523 0
4005 4026 4503 4524 0
4025 4045 4523 4543 0
4026 4046 4524 4544 0
4045 4066 4543 4564 0
4046 4067 4544 4565 0
4066 4086 4564 4584 0
4067 4087 4565 4585 0
4086 4107 4584 4605 0
4087 4108 4585 4606 0
4107 4128 4605 4626 0
4108 4129 4606 4627 0
4128 4149 4626 4647 0
4129 4150 4627 4648 0
4149 4170 4647 4668 0
4150 4171 4648 4669 0
4170 4191 4668 4689 0
4171 4192 4669 4690 0
4191 4211 4689 4709 0
4192 4212 4690 4710 0
4211 4232 4709 4730 0
4212 4233 4710 4731 0
4232 4253 4730 4751 0
4233 4254 4731 4752 0
4253 4274 4751 4772 0
4254 4275 4752 4773 0
4274 4295 4772 4793 0
4275 4296 4773 4794 0
4295 4316 4793 4814 0
4296 4317 4794 4815 0
4316 4337 4814 4835 0
4317 4338 4815 4836 0
4337 4358 4835 4856 0
4338 4359 4836 4857 0
4358 4379 4856 4877 0
4359 4380 4857 4878 0
4379 4400 4877 4898 0
4380 4401 4878 4899 0
4400 4421 4898 4919 0
4401 4402 4899 4900 0
4402 4403 4900 4901 0
4403 4404 4901 4902 0
4404 4405 4902 4903 0
4405 4406 4903 4904 0
4406 4407 4904 4905 0
4407 4408 4905 4906 0
4408 4409 4906 4907 0
4409 4410 4907 4908 0
4410 4411 4908 4909 0
4411 4412 4909 4910 0
4412 4413 4910 4911 0
4413 4414 4911 4912 0
4414 4415 4912 4913 0
4415 4416 4913 4914 0
4416 4417 4914 4915 0
4417 4418 4915 4916 0
4418 4419 4916 4917 0
4419 4420 4917 4918 0
4420 4421 4918 4919 0
4482 4483 4980 4981 0
4482 4503 4980 5001 0
4483 4484 4981 4982 0
4484 4485 4982 4983 0
4485 4486 4983 4984 0
4486 4487 4984 4985 0
4487 4488 4985 4986 0
4488 4489 4986 4987 0
4489 4490 4987 4988 0
4490 4491 4988 4989 0
4491 4492 4989 4990 0
4492 4493 4990 4991 0
4493 4494 4991 4992 0
4494 4495 4992 4993 0
4495 4496 4993 4994 0
4496 4497 4994 4995 0
4497 4498 4995 4996 0
4498 4499 4996 4997 0
4499 4500 4997 4998 0
4500 4501 4998 4999 0
4501 4502 4999 5000 0
4502 4523 5000 5021 0
4503 4524 5001 5022 0
4523 4543 5021 5041 0
4524 4544 5022 5042 0
4543 4564 5041 5062 0
4544 4565 5042 5063 0
4564 4584 5062 5082 0
4565 4585 5063 5083 0
4584 4605 5082 5103 0
4585 4606 5083 5104 0
4605 4626 5103 5124 0
4606 4627 5104 5125 0
4626 4647 5124 5145 0
4627 4648 5125 5146 0
4647 4668 5145 5166 0
4648 4669 5146 5167 0
4668 4689 5166 5187 0
4669 4690 5167 5188 0
4689 4709 5187 5207 0
4690 4710 5188 5208 0
4709 4730 5207 5228 0
4710 4731 5208 5229 0
4730 4751 5228 5249 0
4731 4752 5229 5250 0
4751 4772 5249 5270 0
4752 4773 5250 5271 0
4772 4793 5270 5291 0
4773 4794 5271 5292 0
4793 4814 5291 5312 0
4794 4815 5292 5313 0
4814 4835 5312 5333 0
4815 4836 5313 5334 0
4835 4856 5333 5354 0
4836 4857 5334 5355 0
4856 4877 5354 5375 0
4857 4878 5355 5376 0
4877 4898 5375 5396 0
4878 4899 5376 5397 0
4898 4919 5396 5417 0
4899 4900 5397 5398 0
4900 4901 5398 5399 0
4901 4902 5399 5400 0
4902 4903 5400 5401 0
4903 4904 5401 5402 0
4904 4905 5402 5403 0
4905 4906 5403 5404 0
4906 4907 5404 5405 0
4907 4908 5405 5406 0
4908 4909 5406 5407 0
4909 4910 5407 5408 0
4910 4911 5408 5409 0
4911 4912 5409 5410 0
4912 4913 5410 5411 0
4913 4914 5411 5412 0
4914 4915 5412 5413 0
4915 4916 5413 5414 0
4916 4917 5414 5415 0
4917 4918 5415 5416 0
4918 4919 5416 5417 0
4980 4981 5478 5479 0
4980 5001 5478 5499 0
4981 4982 5479 5480 0
4982 4983 5480 5481 0
4983 4984 5481 5482 0
4984 4985 5482 5483 0
4985 4986 5483 5484 0
4986 4987 5484 5485 0
4987 4988 5485 5486 0
4988 4989 5486 5487 0
4989 4990 5487 5488 0
4990 4991 5488 5489 0
4991 4992 5489 5490 0
4992 4993 5490 5491 0
4993 4994 5491 5492 0
4994 4995 5492 5493 0
4995 4996 5493 5494 0
4996 4997 5494 5495 0
4997 4998 5495 5496 0
4998 4999 5496 5497 0
4999 5000 5497 5498 0
5000 5021 5498 5519 0
5001 5022 5499 5520 0
5021 5041 5519 5539 0
5022 5042 5520 5540 0
5041 5062 5539 5560 0
5042 5063 5540 5561 0
5062 5082 5560 5580 0
5063 5083 5561 5581 0
5082 5103 5580 5601 0
5083 5104 5581 5602 0
5103 5124 5601 5622 0
5104 5125 5602 5623 0
5124 5145 5622 5643 0
5125 5146 5623 5644 0
5145 5166 5643 5664 0
5146 5167 5644 5665 0
5166 5187 5664 5685 0
5167 5188 5665 5686 0
5187 5207 5685 5705 0
5188 5208 5686 5706 0
5207 5228 5705 5726 0
5208 5229 5706 5727 0
5228 5249 5726 5747 0
5229 5250 5727 5748 0
5249 5270 5747 5768 0
5250 5271 5748 5769 0
5270 5291 5768 5789 0
5271 5292 5769 5790 0
5291 5312 5789 5810 0
5292 5313 5790 5811 0
5312 5333 5810 5831 0
5313 5334 5811 5832 0
5333 5354 5831 5852 0
5334 5355 5832 5853 0
5354 5375 5852 5873 0
5355 5376 5853 5874 0
5375 5396 5873 5894 0
5376 5397 5874 5895 0
5396 5417 5894 5915 0
5397 5398 5895 5896 0
5398 5399 5896 5897 0
5399 5400 5897 5898 0
5400 5401 5898 5899 0
5401 5402 5899 5900 0
5402 5403 5900 5901 0
5403 5404 5901 5902 0
5404 5405 5902 5903 0
5405 5406 5903 5904 0
5406 5407 5904 5905 0
5407 5408 5905 5906 0
5408 5409 5906 5907 0
5409 5410 5907 5908 0
5410 5411 5908 5909 0
5411 5412 5909 5910 0
5412 5413 5910 5911 0
5413 5414 5911 5912 0
5414 5415 5912 5913 0
5415 5416 5913 5914 0
5416 5417 5914 5915 0
5478 5479 5976 5977 0
5478 5499 5976 5997 0
5479 5480 5977 5978 0
5480 5481 5978 5979 0
5481 5482 5979 5980 0
5482 5483 5980 5981 0
5483 5484 5981 5982 0
5484 5485 5982 5983 0
5485 5486 5983 5984 0
5486 5487 5984 5985 0
5487 5488 5985 5986 0
5488 5489 5986 5987 0
5489 5490 5987 5988 0
5490 5491 5988 5989 0
5491 5492 5989 5990 0
5492 5493 5990 5991 0
5493 5494 5991 5992 0
5494 5495 5992 5993 0
5495 5496 5993 5994 0
5496 5497 5994 5995 0
5497 5498 5995 5996 0
5498 5519 5996 6017 0
5499 5520 5997 6018 0
5519 5539 6017 6037 0
5520 5540 6018 6038 0
5539 5560 6037 6058 0
5540 5561 6038 6059 0
5560 5580 6058 6078 0
5561 5581 6059 6079 0
5580 5601 6078 6099 0
5581 5602 6079 6100 0
5601 5622 6099 6120 0
5602 5623 6100 6121 0
5622 5643 6120 6141 0
5623 5644 6121 6142 0
5643 5664 6141 6162 0
5644 5665 6142 6163 0
5664 5685 6162 6183 0
5665 5686 6163 6184 0
5685 5705 6183 6203 0
5686 5706 6184 6204 0
5705 5726 6203 6224 0
5706 5727 6204 6225 0
5726 5747 6224 6245 0
5727 5748 6225 6246 0
5747 5768 6245 6266 0
5748 5769 6246 6267 0
5768 5789 6266 6287 0
5769 5790 6267 6288 0
5789 5810 6287 6308 0
5790 5811 6288 6309 0
5810 5831 6308 6329 0
5811 5832 6309 6330 0
5831 5852 6329 6350 0
5832 5853 6330 6351 0
5852 5873 6350 6371 0
5853 5874 6351 6372 0
5873 5894 6371 6392 0
5874 5895 6372 6393 0
5894 5915 6392 6413 0
5895 5896 6393 6394 0
5896 5897 6394 6395 0
5897 5898 6395 6396 0
5898 5899 6396 6397 0
5899 5900 6397 6398 0
5900 5901 6398 6399 0
5901 5902 6399 6400 0
5902 5903 6400 6401 0
5903 5904 6401 6402 0
5904 5905 6402 6403 0
5905 5906 6403 6404 0
5906 5907 6404 6405 0
5907 5908 6405 6406 0
5908 5909 6406 6407 0
5909 5910 6407 6408 0
5910 5911 6408 6409 0
5911 5912 6409 6410 0
5912 5913 6410 6411 0
5913 5914 6411 6412 0
5914 5915 6412 6413 0
5976 5977 6474 6475 0
5976 5997 6474 6495 0
5977 5978 6475 6476 0
5978 5979 6476 6477 0
5979 5980 6477 6478 0
5980 5981 6478 6479 0
5981 5982 6479 6480 0
5982 5983 6480 6481 0
5983 5984 6481 6482 0
5984 5985 6482 6483 0
5985 5986 6483 6484 0
5986 5987 6484 6485 0
5987 5988 6485 6486 0
5988 5989 6486 6487 0
5989 5990 6487 6488 0
5990 5991 6488 6489 0
5991 5992 6489 6490 0
5992 5993 6490 6491 0
5993 5994 6491 6492 0
5994 5995 6492 6493 0
5995 5996 6493 6494 0
5996 6017 6494 6515 0
5997 6018 6495 6516 0
6017 6037 6515 6535 0
6018 6038 6516 6536 0
6037 6058 6535 6556 0
6038 6059 6536 6557 0
6058 6078 6556 6576 0
6059 6079 6557 6577 0
6078 6099 6576 6597 0
6079 6100 6577 6598 0
6099 6120 6597 6618 0
6100 6121 6598 6619 0
6120 6141 6618 6639 0
6121 6142 6619 6640 0
6141 6162 6639 6660 0
6142 6163 6640 6661 0
6162 6183 6660 6681 0
6163 6184 6661 6682 0
6183 6203 6681 6701 0
6184 6204 6682 6702 0
6203 6224 6701 6722 0
6204 6225 6702 6723 0
6224 6245 6722 6743 0
6225 6246 6723 6744 0
6245 6266 6743 6764 0
6246 6267 6744 6765 0
6266 6287 6764 6785 0
6267 6288 6765 6786 0
6287 6308 6785 6806 0
6288 6309 6786 6807 0
6308 6329 6806 6827 0
6309 6330 6807 6828 0
6329 6350 6827 6848 0
6330 6351 6828 6849 0
6350 6371 6848 6869 0
6351 6372 6849 6870 0
6371 6392 6869 6890 0
6372 6393 6870 6891 0
6392 6413 6890 6911 0
6393 6394 6891 6892 0
6394 6395 6892 6893 0
6395 6396 6893 6894 0
6396 6397 6894 6895 0
6397 6398 6895 6896 0
6398 6399 6896 6897 0
6399 6400 6897 6898 0
6400 6401 6898 6899 0
6401 6402 6899 6900 0
6402 6403 6900 6901 0
6403 6404 6901 6902 0
6404 6405 6902 6903 0
6405 6406 6903 6904 0
6406 6407 6904 6905 0
6407 6408 6905 6906 0
6408 6409 6906 6907 0
6409 6410 6907 6908 0
6410 6411 6908 6909 0
6411 6412 6909 6910 0
6412 6413 6910 6911 0
6474 6475 6972 6973 0
6474 6495 6972 6993 0
6475 6476 6973 6974 0
6476 6477 6974 6975 0
6477 6478 6975 6976 0
6478 6479 6976 6977 0
6479 6480 6977 6978 0
6480 6481 6978 6979 0
6481 6482 6979 6980 0
6482 6483 6980 6981 0
6483 6484 6981 6982 0
6484 6485 6982 6983 0
6485 6486 6983 6984 0
6486 6487 6984 6985 0
6487 6488 6985 6986 0
6488 6489 6986 6987 0
6489 6490 6987 6988 0
6490 6491 6988 6989 0
6491 6492 6989 6990 0
6492 6493 6990 6991 0
6493 6494 6991 6992 0
6494 6515 6992 7013 0
6495 6516 6993 7014 0
6515 6535 7013 7033 0
6516 6536 7014 7034 0
6535 6556 7033 7054 0
6536 6557 7034 7055 0
6556 6576 7054 7074 0
6557 6577 7055 7075 0
6576 6597 7074 7095 0
6577 6598 7075 7096 0
6597 6618 7095 7116 0
6598 6619 7096 7117 0
6618 6639 7116 7137 0
6619 6640 7117 7138 0
6639 6660 7137 7158 0
6640 6661 7138 7159 0
6660 6681 7158 7179 0
6661 6682 7159 7180 0
6681 6701 7179 7199 0
6682 6702 7180 7200 0
6701 6722 7199 7220 0
6702 6723 7200 7221 0
6722 6743 7220 7241 0
6723 6744 7221 7242 0
6743 6764 7241 7262 0
6744 6765 7242 7263 0
6764 6785 7262 7283 0
6765 6786 7263 7284 0
6785 6806 7283 7304 0
6786 6807 7284 7305 0
6806 6827 7304 7325 0
6807 6828 7305 7326 0
6827 6848 7325 7346 0
6828 6849 7326 7347 0
6848 6869 7346 7367 0
6849 6870 7347 7368 0
6869 6890 7367 7388 0
6870 6891 7368 7389 0
6890 6911 7388 7409 0
6891 6892 7389 7390 0
6892 6893 7390 7391 0
6893 6894 7391 7392 0
6894 6895 7392 7393 0
6895 6896 7393 7394 0
6896 6897 7394 7395 0
6897 6898 7395 7396 0
6898 6899 7396 7397 0
6899 6900 7397 7398 0
6900 6901 7398 7399 0
6901 6902 7399 7400 0
6902 6903 7400 7401 0
6903 6904 7401 7402 0
6904 6905 7402 7403 0
6905 6906 7403 7404 0
6906 6907 7404 7405 0
6907 6908 7405 7406 0
6908 6909 7406 7407 0
6909 6910 7407 7408 0
6910 6911 7408 7409 0
6972 6973 7470 7471 0
6972 6993 7470 7491 0
6973 6974 7471 7472 0
6974 6975 7472 7473 0
6975 6976 7473 7474 0
6976 6977 7474 7475 0
6977 6978 7475 7476 0
6978 6979 7476 7477 0
6979 6980 7477 7478 0
6980 6981 7478 7479 0
6981 6982 7479 7480 0
6982 6983 7480 7481 0
6983 6984 7481 7482 0
6984 6985 7482 7483 0
6985 6986 7483 7484 0
6986 6987 7484 7485 0
6987 6988 7485 7486 0
6988 6989 7486 7487 0
6989 6990 7487 7488 0
6990 6991 7488 7489 0
6991 6992 7489 7490 0
6992 7013 7490 7511 0
6993 7014 7491 7512 0
7013 7033 7511 7531 0
7014 7034 7512 7532 0
7033 7054 7531 7552 0
7034 7055 7532 7553 0
7054 7074 7552 7572 0
7055 7075 7553 7573 0
7074 7095 7572 7593 0
7075 7096 7573 7594 0
7095 7116 7593 7614 0
7096 7117 7594 7615 0
7116 7137 7614 7635 0
7117 7138 7615 7636 0
7137 7158 7635 7656 0
7138 7159 7636 7657 0
7158 7179 7656 7677 0
7159 7180 7657 7678 0
7179 7199 7677 7697 0
7180 7200 7678 7698 0
7199 7220 7697 7718 0
7200 7221 7698 7719 0
7220 7241 7718 7739 0
7221 7242 7719 7740 0
7241 7262 7739 7760 0
7242 7263 7740 7761 0
7262 7283 7760 7781 0
7263 7284 7761 7782 0
7283 7304 7781 7802 0
7284 7305 7782 7803 0
7304 7325 7802 7823 0
7305 7326 7803 7824 0
7325 7346 7823 7844 0
7326 7347 7824 7845 0
7346 7367 7844 7865 0
7347 7368 7845 7866 0
7367 7388 7865 7886 0
7368 7389 7866 7887 0
7388 7409 7886 7907 0
7389 7390 7887 7888 0
7390 7391 7888 7889 0
7391 7392 7889 7890 0
7392 7393 7890 7891 0
7393 7394 7891 7892 0
7394 7395 7892 7893 0
7395 7396 7893 7894 0
7396 7397 7894 7895 0
7397 7398 7895 7896 0
7398 7399 7896 7897 0
7399 7400 7897 7898 0
7400 7401 7898 7899 0
7401 7402 7899 7900 0
7402 7403 7900 7901 0
7403 7404 7901 7902 0
7404 7405 7902 7903 0
7405 7406 7903 7904 0
7406 7407 7904 7905 0
7407 7408 7905 7906 0
7408 7409 7906 7907 0
7470 7471 7968 7969 0
7470 7491 7968 7989 0
7471 7472 7969 7970 0
7472 7473 7970 7971 0
7473 7474 7971 7972 0
7474 7475 7972 7973 0
7475 7476 7973 7974 0
7476 7477 7974 7975 0
7477 7478 7975 7976 0
7478 7479 7976 7977 0
7479 7480 7977 7978 0
7480 7481 7978 7979 0
7481 7482 7979 7980 0
7482 7483 7980 7981 0
7483 7484 7981 7982 0
7484 7485 7982 7983 0
7485 7486 7983 7984 0
7486 7487 7984 7985 0
7487 7488 7985 7986 0
7488 7489 7986 7987 0
7489 7490 7987 7988 0
7490 7511 7988 8009 0
7491 7512 7989 8010 0
7511 7531 8009 8029 0
7512 7532 8010 8030 0
7531 7552 8029 8050 0
7532 7553 8030 8051 0
7552 7572 8050 8070 0
7553 7573 8051 8071 0
7572 7593 8070 8091 0
7573 7594 8071 8092 0
7593 7614 8091 8112 0
7594 7615 8092 8113 0
7614 7635 8112 8133 0
7615 7636 8113 8134 0
7635 7656 8133 8154 0
7636 7657 8134 8155 0
7656 7677 8154 8175 0
7657 7678 8155 8176 0
7677 7697 8175 8195 0
7678 7698 8176 8196 0
7697 7718 8195 8216 0
7698 7719 8196 8217 0
7718 7739 8216 8237 0
7719 7740 8217 8238 0
7739 7760 8237 8258 0
7740 7761 8238 8259 0
7760 7781 8258 8279 0
7761 7782 8259 8280 0
7781 7802 8279 8300 0
7782 7803 8280 8301 0
7802 7823 8300 8321 0
7803 7824 8301 8322 0
7823 7844 8321 8342 0
7824 7845 8322 8343 0
7844 7865 8342 8363 0
7845 7866 8343 8364 0
7865 7886 8363 8384 0
7866 7887 8364 8385 0
7886 7907 8384 8405 0
7887 7888 8385 8386 0
7888 7889 8386 8387 0
7889 7890 8387 8388 0
7890 7891 8388 8389 0
7891 7892 8389 8390 0
7892 7893 8390 8391 0
7893 7894 8391 8392 0
7894 7895 8392 8393 0
7895 7896 8393 8394 0
7896 7897 8394 8395 0
7897 7898 8395 8396 0
7898 7899 8396 8397 0
7899 7900 8397 8398 0
7900 7901 8398 8399 0
7901 7902 8399 8400 0
7902 7903 8400 8401 0
7903 7904 8401 8402 0
7904 7905 8402 8403 0
7905 7906 8403 8404 0
7906 7907 8404 8405 0
7968 7969 8466 8467 0
7968 7989 8466 8487 0
7969 7970 8467 8468 0
7970 7971 8468 8469 0
7971 7972 8469 8470 0
7972 7973 8470 8471 0
7973 7974 8471 8472 0
7974 7975 8472 8473 0
7975 7976 8473 8474 0
7976 7977 8474 8475 0
7977 7978 8475 8476 0
7978 7979 8476 8477 0
7979 7980 8477 8478 0
7980 7981 8478 8479 0
7981 7982 8479 8480 0
7982 7983 8480 8481 0
7983 7984 8481 8482 0
7984 7985 8482 8483 0
7985 7986 8483 8484 0
7986 7987 8484 8485 0
7987 7988 8485 8486 0
7988 8009 8486 8507 0
7989 8010 8487 8508 0
8009 8029 8507 8527 0
8010 8030 8508 8528 0
8029 8050 8527 8548 0
8030 8051 8528 8549 0
8050 8070 8548 8568 0
8051 8071 8549 8569 0
8070 8091 8568 8589 0
8071 8092 8569 8590 0
8091 8112 8589 8610 0
8092 8113 8590 8611 0
8112 8133 8610 8631 0
8113 8134 8611 8632 0
8133 8154 8631 8652 0
8134 8155 8632 8653 0
8154 8175 8652 8673 0
8155 8176 8653 8674 0
8175 8195 8673 8693 0
8176 8196 8674 8694 0
8195 8216 8693 8714 0
8196 8217 8694 8715 0
8216 8237 8714 8735 0
8217 8238 8715 8736 0
8237 8258 8735 8756 0
8238 8259 8736 8757 0
8258 8279 8756 8777 0
8259 8280 8757 8778 0
8279 8300 8777 8798 0
8280 8301 8778 8799 0
8300 8321 8798 8819 0
8301 8322 8799 8820 0
8321 8342 8819 8840 0
8322 8343 8820 8841 0
8342 8363 8840 8861 0
8343 8364 8841 8862 0
8363 8384 8861 8882 0
8364 8385 8862 8883 0
8384 8405 8882 8903 0
8385 8386 8883 8884 0
8386 8387 8884 8885 0
8387 8388 8885 8886 0
8388 8389 8886 8887 0
8389 8390 8887 8888 0
8390 8391 8888 8889 0
8391 8392 8889 8890 0
8392 8393 8890 8891 0
8393 8394 8891 8892 0
8394 8395 8892 8893 0
8395 8396 8893 8894 0
8396 8397 8894 8895 0
8397 8398 8895 8896 0
8398 8399 8896 8897 0
8399 8400 8897 8898 0
8400 8401 8898 8899 0
8401 8402 8899 8900 0
8402 8403 8900 8901 0
8403 8404 8901 8902 0
8404 8405 8902 8903 0
8466 8467 8964 8965 0
8466 8487 8964 8985 0
8467 8468 8965 8966 0
8468 8469 8966 8967 0
8469 8470 8967 8968 0
8470 8471 8968 8969 0
8471 8472 8969 8970 0
8472 8473 8970 8971 0
8473 8474 8971 8972 0
8474 8475 8972 8973 0
8475 8476 8973 8974 0
8476 8477 8974 8975 0
8477 8478 8975 8976 0
8478 8479 8976 8977 0
8479 8480 8977 8978 0
8480 8481 8978 8979 0
8481 8482 8979 8980 0
8482 8483 8980 8981 0
8483 8484 8981 8982 0
8484 8485 8982 8983 0
8485 8486 8983 8984 0
8486 8507 8984 9005 0
8487 8508 8985 9006 0
8507 8527 9005 9025 0
8508 8528 9006 9026 0
8527 8548 9025 9046 0
8528 8549 9026 9047 0
8548 8568 9046 9066 0
8549 8569 9047 9067 0
8568 8589 9066 9087 0
8569 8590 9067 9088 0
8589 8610 9087 9108 0
8590 8611 9088 9109 0
8610 8631 9108 9129 0
8611 8632 9109 9130 0
8631 8652 9129 9150 0
8632 8653 9130 9151 0
8652 8673 9150 9171 0
8653 8674 9151 9172 0
8673 8693 9171 9191 0
8674 8694 9172 9192 0
8693 8714 9191 9212 0
8694 8715 9192 9213 0
8714 8735 9212 9233 0
8715 8736 9213 9234 0
8735 8756 9233 9254 0
8736 8757 9234 9255 0
8756 8777 9254 9275 0
8757 8778 9255 9276 0
8777 8798 9275 9296 0
8778 8799 9276 9297 0
8798 8819 9296 9317 0
8799 8820 9297 9318 0
8819 8840 9317 9338 0
8820 8841 9318 9339 0
8840 8861 9338 9359 0
8841 8862 9339 9360 0
8861 8882 9359 9380 0
8862 8883 9360 9381 0
8882 8903 9380 9401 0
8883 8884 9381 9382 0
8884 8885 9382 9383 0
8885 8886 9383 9384 0
8886 8887 9384 9385 0
8887 8888 9385 9386 0
8888 8889 9386 9387 0
8889 8890 9387 9388 0
8890 8891 9388 9389 0
8891 8892 9389 9390 0
8892 8893 9390 9391 0
8893 8894 9391 9392 0
8894 8895 9392 9393 0
8895 8896 9393 9394 0
8896 8897 9394 9395 0
8897 8898 9395 9396 0
8898 8899 9396 9397 0
8899 8900 9397 9398 0
8900 8901 9398 9399 0
8901 8902 9399 9400 0
8902 8903 9400 9401 0
8964 8965 9462 9463 0
8964 8985 9462 9483 0
8965 8966 9463 9464 0
8966 8967 9464 9465 0
8967 8968 9465 9466 0
8968 8969 9466 9467 0
8969 8970 9467 9468 0
8970 8971 9468 9469 0
8971 8972 9469 9470 0
8972 8973 9470 9471 0
8973 8974 9471 9472 0
8974 8975 9472 9473 0
8975 8976 9473 9474 0
8976 8977 9474 9475 0
8977 8978 9475 9476 0
8978 8979 9476 9477 0
8979 8980 9477 9478 0
8980 8981 9478 9479 0
8981 8982 9479 9480 0
8982 8983 9480 9481 0
8983 8984 9481 9482 0
8984 9005 9482 9503 0
8985 9006 9483 9504 0
9005 9025 9503 9523 0
9006 9026 9504 9524 0
9025 9046 9523 9544 0
9026 9047 9524 9545 0
9046 9066 9544 9564 0
9047 9067 9545 9565 0
9066 9087 9564 9585 0
9067 9088 9565 9586 0
9087 9108 9585 9606 0
9088 9109 9586 9607 0
9108 9129 9606 9627 0
9109 9130 9607 9628 0
9129 9150 9627 9648 0
9130 9151 9628 9649 0
9150 9171 9648 9669 0
9151 9172 9649 9670 0
9171 9191 9669 9689 0
9172 9192 9670 9690 0
9191 9212 9689 9710 0
9192 9213 9690 9711 0
9212 9233 9710 9731 0
9213 9234 9711 9732 0
9233 9254 9731 9752 0
9234 9255 9732 9753 0
9254 9275 9752 9773 0
9255 9276 9753 9774 0
9275 9296 9773 9794 0
9276 9297 9774 9795 0
9296 9317 9794 9815 0
9297 9318 9795 9816 0
9317 9338 9815 9836 0
9318 9339 9816 9837 0
9338 9359 9836 9857 0
9339 9360 9837 9858 0
9359 9380 9857 9878 0
9360 9381 9858 9879 0
9380 9401 9878 9899 0
9381 9382 9879 9880 0
9382 9383 9880 9881 0
9383 9384 9881 9882 0
9384 9385 9882 9883 0
9385 9386 9883 9884 0
9386 9387 9884 9885 0
9387 9388 9885 9886 0
9388 9389 9886 9887 0
9389 9390 9887 9888 0
9390 9391 9888 9889 0
9391 9392 9889 9890 0
9392 9393 9890 9891 0
9393 9394 9891 9892 0
9394 9395 9892 9893 0
9395 9396 9893 9894 0
9396 9397 9894 9895 0
9397 9398 9895 9896 0
9398 9399 9896 9897 0
9399 9400 9897 9898 0
9400 9401 9898 9899 0
9462 9463 9960 9961 0
9462 9483 9960 9981 0
9463 9464 9961 9962 0
9464 9465 9962 9963 0
9465 9466 9963 9964 0
9466 9467 9964 9965 0
9467 9468 9965 9966 0
9468 9469 9966 9967 0
9469 9470 9967 9968 0
9470 9471 9968 9969 0
9471 9472 9969 9970 0
9472 9473 9970 9971 0
9473 9474 9971 9972 0
9474 9475 9972 9973 0
9475 9476 9973 9974 0
9476 9477 9974 9975 0
9477 9478 9975 9976 0
9478 9479 9976 9977 0
9479 9480 9977 9978 0
9480 9481 9978 9979 0
9481 9482 9979 9980 0
9482 9503 9980 10001 0
9483 9504 9981 10002 0
9503 9523 10001 10021 0
9504 9524 10002 10022 0
9523 9544 10021 10042 0
9524 9545 10022 10043 0
9544 9564 10042 10062 0
9545 9565 10043 10063 0
9564 9585 10062 10083 0
9565 9586 10063 10084 0
9585 9606 10083 10104 0
9586 9607 10084 10105 0
9606 9627 10104 10125 0
9607 9628 10105 10126 0
9627 9648 10125 10146 0
9628 9649 10126 10147 0
9648 9669 10146 10167 0
9649 9670 10147 10168 0
9669 9689 10167 10187 0
9670 9690 10168 10188 0
9689 9710 10187 10208 0
9690 9711 10188 10209 0
9710 9731 10208 10229 0
9711 9732 10209 10230 0
9731 9752 10229 10250 0
9732 9753 10230 10251 0
9752 9773 10250 10271 0
9753 9774 10251 10272 0
9773 9794 10271 10292 0
9774 9795 10272 10293 0
9794 9815 10292 10313 0
9795 9816 10293 10314 0
9815 9836 10313 10334 0
9816 9837 10314 10335 0
9836 9857 10334 10355 0
9837 9858 10335 10356 0
9857 9878 10355 10376 0
9858 9879 10356 10377 0
9878 9899 10376 10397 0
9879 9880 10377 10378 0
9880 9881 10378 10379 0
9881 9882 10379 10380 0
9882 9883 10380 10381 0
9883 9884 10381 10382 0
9884 9885 10382 10383 0
9885 9886 10383 10384 0
9886 9887 10384 10385 0
9887 9888 10385 10386 0
9888 9889 10386 10387 0
9889 9890 10387 10388 0
9890 9891 10388 10389 0
9891 9892 10389 10390 0
9892 9893 10390 10391 0
9893 9894 10391 10392 0
9894 9895 10392 10393 0
9895 9896 10393 10394 0
9896 9897 10394 10395 0
9897 9898 10395 10396 0
9898 9899 10396 10397 0
