1120
0 1 11 12  144 145 155 156 
1 2 12 13  145 146 156 157 
2 3 13 14  146 147 157 158 
3 4 14 15  147 148 158 159 
4 5 15 16  148 149 159 160 
5 6 16 17  149 150 160 161 
6 7 17 18  150 151 161 162 
7 8 18 19  151 152 162 163 
8 9 19 20  152 153 163 164 
9 10 20 21  153 154 164 165 
11 12 22 23  155 156 166 167 
12 13 23 24  156 157 167 168 
13 14 24 25  157 158 168 169 
14 15 25 26  158 159 169 170 
15 16 26 27  159 160 170 171 
16 17 27 28  160 161 171 172 
17 18 28 29  161 162 172 173 
18 19 29 30  162 163 173 174 
19 20 30 31  163 164 174 175 
20 21 31 32  164 165 175 176 
22 23 33 34  166 167 177 178 
23 24 34 35  167 168 178 179 
30 31 36 37  174 175 180 181 
31 32 37 38  175 176 181 182 
33 34 39 40  177 178 183 184 
34 35 40 41  178 179 184 185 
36 37 42 43  180 181 186 187 
37 38 43 44  181 182 187 188 
39 40 45 46  183 184 189 190 
40 41 46 47  184 185 190 191 
42 43 48 49  186 187 192 193 
43 44 49 50  187 188 193 194 
45 46 51 52  189 190 195 196 
46 47 52 53  190 191 196 197 
48 49 54 55  192 193 198 199 
49 50 55 56  193 194 199 200 
51 52 57 58  195 196 201 202 
52 53 58 59  196 197 202 203 
54 55 60 61  198 199 204 205 
55 56 61 62  199 200 205 206 
57 58 63 64  201 202 207 208 
58 59 64 65  202 203 208 209 
60 61 71 72  204 205 215 216 
61 62 72 73  205 206 216 217 
63 64 74 75  207 208 218 219 
64 65 75 76  208 209 219 220 
65 66 76 77  209 210 220 221 
66 67 77 78  210 211 221 222 
67 68 78 79  211 212 222 223 
68 69 79 80  212 213 223 224 
69 70 80 81  213 214 224 225 
70 71 81 82  214 215 225 226 
71 72 82 83  215 216 226 227 
72 73 83 84  216 217 227 228 
74 75 85 86  218 219 229 230 
75 76 86 87  219 220 230 231 
76 77 87 88  220 221 231 232 
77 78 88 89  221 222 232 233 
78 79 89 90  222 223 233 234 
79 80 90 91  223 224 234 235 
80 81 91 92  224 225 235 236 
81 82 92 93  225 226 236 237 
82 83 93 94  226 227 237 238 
83 84 94 95  227 228 238 239 
96 98 97 99  240 242 241 243 
97 99 24 25  241 243 168 169 
98 100 99 101  242 244 243 245 
99 101 25 26  243 245 169 170 
100 102 101 103  244 246 245 247 
101 103 26 27  245 247 170 171 
102 104 103 105  246 248 247 249 
103 105 27 28  247 249 171 172 
104 106 105 107  248 250 249 251 
105 107 28 29  249 251 172 173 
106 108 107 109  250 252 251 253 
107 109 29 30  251 253 173 174 
108 110 109 111  252 254 253 255 
109 111 30 36  253 255 174 180 
110 112 111 113  254 256 255 257 
111 113 36 42  255 257 180 186 
112 114 113 115  256 258 257 259 
113 115 42 48  257 259 186 192 
114 116 115 117  258 260 259 261 
115 117 48 54  259 261 192 198 
116 118 117 119  260 262 261 263 
117 119 54 60  261 263 198 204 
118 120 119 121  262 264 263 265 
119 121 60 71  263 265 204 215 
120 122 121 123  264 266 265 267 
121 123 71 70  265 267 215 214 
122 124 123 125  266 268 267 269 
123 125 70 69  267 269 214 213 
124 126 125 127  268 270 269 271 
125 127 69 68  269 271 213 212 
126 128 127 129  270 272 271 273 
127 129 68 67  271 273 212 211 
128 130 129 131  272 274 273 275 
129 131 67 66  273 275 211 210 
130 132 131 133  274 276 275 277 
131 133 66 65  275 277 210 209 
132 134 133 135  276 278 277 279 
133 135 65 59  277 279 209 203 
134 136 135 137  278 280 279 281 
135 137 59 53  279 281 203 197 
136 138 137 139  280 282 281 283 
137 139 53 47  281 283 197 191 
138 140 139 141  282 284 283 285 
139 141 47 41  283 285 191 185 
140 142 141 143  284 286 285 287 
141 143 41 35  285 287 185 179 
142 96 143 97  286 240 287 241 
143 97 35 24  287 241 179 168 
144 145 155 156  288 289 299 300 
145 146 156 157  289 290 300 301 
146 147 157 158  290 291 301 302 
147 148 158 159  291 292 302 303 
148 149 159 160  292 293 303 304 
149 150 160 161  293 294 304 305 
150 151 161 162  294 295 305 306 
151 152 162 163  295 296 306 307 
152 153 163 164  296 297 307 308 
153 154 164 165  297 298 308 309 
155 156 166 167  299 300 310 311 
156 157 167 168  300 301 311 312 
157 158 168 169  301 302 312 313 
158 159 169 170  302 303 313 314 
159 160 170 171  303 304 314 315 
160 161 171 172  304 305 315 316 
161 162 172 173  305 306 316 317 
162 163 173 174  306 307 317 318 
163 164 174 175  307 308 318 319 
164 165 175 176  308 309 319 320 
166 167 177 178  310 311 321 322 
167 168 178 179  311 312 322 323 
174 175 180 181  318 319 324 325 
175 176 181 182  319 320 325 326 
177 178 183 184  321 322 327 328 
178 179 184 185  322 323 328 329 
180 181 186 187  324 325 330 331 
181 182 187 188  325 326 331 332 
183 184 189 190  327 328 333 334 
184 185 190 191  328 329 334 335 
186 187 192 193  330 331 336 337 
187 188 193 194  331 332 337 338 
189 190 195 196  333 334 339 340 
190 191 196 197  334 335 340 341 
192 193 198 199  336 337 342 343 
193 194 199 200  337 338 343 344 
195 196 201 202  339 340 345 346 
196 197 202 203  340 341 346 347 
198 199 204 205  342 343 348 349 
199 200 205 206  343 344 349 350 
201 202 207 208  345 346 351 352 
202 203 208 209  346 347 352 353 
204 205 215 216  348 349 359 360 
205 206 216 217  349 350 360 361 
207 208 218 219  351 352 362 363 
208 209 219 220  352 353 363 364 
209 210 220 221  353 354 364 365 
210 211 221 222  354 355 365 366 
211 212 222 223  355 356 366 367 
212 213 223 224  356 357 367 368 
213 214 224 225  357 358 368 369 
214 215 225 226  358 359 369 370 
215 216 226 227  359 360 370 371 
216 217 227 228  360 361 371 372 
218 219 229 230  362 363 373 374 
219 220 230 231  363 364 374 375 
220 221 231 232  364 365 375 376 
221 222 232 233  365 366 376 377 
222 223 233 234  366 367 377 378 
223 224 234 235  367 368 378 379 
224 225 235 236  368 369 379 380 
225 226 236 237  369 370 380 381 
226 227 237 238  370 371 381 382 
227 228 238 239  371 372 382 383 
240 242 241 243  384 386 385 387 
241 243 168 169  385 387 312 313 
242 244 243 245  386 388 387 389 
243 245 169 170  387 389 313 314 
244 246 245 247  388 390 389 391 
245 247 170 171  389 391 314 315 
246 248 247 249  390 392 391 393 
247 249 171 172  391 393 315 316 
248 250 249 251  392 394 393 395 
249 251 172 173  393 395 316 317 
250 252 251 253  394 396 395 397 
251 253 173 174  395 397 317 318 
252 254 253 255  396 398 397 399 
253 255 174 180  397 399 318 324 
254 256 255 257  398 400 399 401 
255 257 180 186  399 401 324 330 
256 258 257 259  400 402 401 403 
257 259 186 192  401 403 330 336 
258 260 259 261  402 404 403 405 
259 261 192 198  403 405 336 342 
260 262 261 263  404 406 405 407 
261 263 198 204  405 407 342 348 
262 264 263 265  406 408 407 409 
263 265 204 215  407 409 348 359 
264 266 265 267  408 410 409 411 
265 267 215 214  409 411 359 358 
266 268 267 269  410 412 411 413 
267 269 214 213  411 413 358 357 
268 270 269 271  412 414 413 415 
269 271 213 212  413 415 357 356 
270 272 271 273  414 416 415 417 
271 273 212 211  415 417 356 355 
272 274 273 275  416 418 417 419 
273 275 211 210  417 419 355 354 
274 276 275 277  418 420 419 421 
275 277 210 209  419 421 354 353 
276 278 277 279  420 422 421 423 
277 279 209 203  421 423 353 347 
278 280 279 281  422 424 423 425 
279 281 203 197  423 425 347 341 
280 282 281 283  424 426 425 427 
281 283 197 191  425 427 341 335 
282 284 283 285  426 428 427 429 
283 285 191 185  427 429 335 329 
284 286 285 287  428 430 429 431 
285 287 185 179  429 431 329 323 
286 240 287 241  430 384 431 385 
287 241 179 168  431 385 323 312 
288 289 299 300  432 433 443 444 
289 290 300 301  433 434 444 445 
290 291 301 302  434 435 445 446 
291 292 302 303  435 436 446 447 
292 293 303 304  436 437 447 448 
293 294 304 305  437 438 448 449 
294 295 305 306  438 439 449 450 
295 296 306 307  439 440 450 451 
296 297 307 308  440 441 451 452 
297 298 308 309  441 442 452 453 
299 300 310 311  443 444 454 455 
300 301 311 312  444 445 455 456 
301 302 312 313  445 446 456 457 
302 303 313 314  446 447 457 458 
303 304 314 315  447 448 458 459 
304 305 315 316  448 449 459 460 
305 306 316 317  449 450 460 461 
306 307 317 318  450 451 461 462 
307 308 318 319  451 452 462 463 
308 309 319 320  452 453 463 464 
310 311 321 322  454 455 465 466 
311 312 322 323  455 456 466 467 
318 319 324 325  462 463 468 469 
319 320 325 326  463 464 469 470 
321 322 327 328  465 466 471 472 
322 323 328 329  466 467 472 473 
324 325 330 331  468 469 474 475 
325 326 331 332  469 470 475 476 
327 328 333 334  471 472 477 478 
328 329 334 335  472 473 478 479 
330 331 336 337  474 475 480 481 
331 332 337 338  475 476 481 482 
333 334 339 340  477 478 483 484 
334 335 340 341  478 479 484 485 
336 337 342 343  480 481 486 487 
337 338 343 344  481 482 487 488 
339 340 345 346  483 484 489 490 
340 341 346 347  484 485 490 491 
342 343 348 349  486 487 492 493 
343 344 349 350  487 488 493 494 
345 346 351 352  489 490 495 496 
346 347 352 353  490 491 496 497 
348 349 359 360  492 493 503 504 
349 350 360 361  493 494 504 505 
351 352 362 363  495 496 506 507 
352 353 363 364  496 497 507 508 
353 354 364 365  497 498 508 509 
354 355 365 366  498 499 509 510 
355 356 366 367  499 500 510 511 
356 357 367 368  500 501 511 512 
357 358 368 369  501 502 512 513 
358 359 369 370  502 503 513 514 
359 360 370 371  503 504 514 515 
360 361 371 372  504 505 515 516 
362 363 373 374  506 507 517 518 
363 364 374 375  507 508 518 519 
364 365 375 376  508 509 519 520 
365 366 376 377  509 510 520 521 
366 367 377 378  510 511 521 522 
367 368 378 379  511 512 522 523 
368 369 379 380  512 513 523 524 
369 370 380 381  513 514 524 525 
370 371 381 382  514 515 525 526 
371 372 382 383  515 516 526 527 
384 386 385 387  528 530 529 531 
385 387 312 313  529 531 456 457 
386 388 387 389  530 532 531 533 
387 389 313 314  531 533 457 458 
388 390 389 391  532 534 533 535 
389 391 314 315  533 535 458 459 
390 392 391 393  534 536 535 537 
391 393 315 316  535 537 459 460 
392 394 393 395  536 538 537 539 
393 395 316 317  537 539 460 461 
394 396 395 397  538 540 539 541 
395 397 317 318  539 541 461 462 
396 398 397 399  540 542 541 543 
397 399 318 324  541 543 462 468 
398 400 399 401  542 544 543 545 
399 401 324 330  543 545 468 474 
400 402 401 403  544 546 545 547 
401 403 330 336  545 547 474 480 
402 404 403 405  546 548 547 549 
403 405 336 342  547 549 480 486 
404 406 405 407  548 550 549 551 
405 407 342 348  549 551 486 492 
406 408 407 409  550 552 551 553 
407 409 348 359  551 553 492 503 
408 410 409 411  552 554 553 555 
409 411 359 358  553 555 503 502 
410 412 411 413  554 556 555 557 
411 413 358 357  555 557 502 501 
412 414 413 415  556 558 557 559 
413 415 357 356  557 559 501 500 
414 416 415 417  558 560 559 561 
415 417 356 355  559 561 500 499 
416 418 417 419  560 562 561 563 
417 419 355 354  561 563 499 498 
418 420 419 421  562 564 563 565 
419 421 354 353  563 565 498 497 
420 422 421 423  564 566 565 567 
421 423 353 347  565 567 497 491 
422 424 423 425  566 568 567 569 
423 425 347 341  567 569 491 485 
424 426 425 427  568 570 569 571 
425 427 341 335  569 571 485 479 
426 428 427 429  570 572 571 573 
427 429 335 329  571 573 479 473 
428 430 429 431  572 574 573 575 
429 431 329 323  573 575 473 467 
430 384 431 385  574 528 575 529 
431 385 323 312  575 529 467 456 
432 433 443 444  576 577 587 588 
433 434 444 445  577 578 588 589 
434 435 445 446  578 579 589 590 
435 436 446 447  579 580 590 591 
436 437 447 448  580 581 591 592 
437 438 448 449  581 582 592 593 
438 439 449 450  582 583 593 594 
439 440 450 451  583 584 594 595 
440 441 451 452  584 585 595 596 
441 442 452 453  585 586 596 597 
443 444 454 455  587 588 598 599 
444 445 455 456  588 589 599 600 
445 446 456 457  589 590 600 601 
446 447 457 458  590 591 601 602 
447 448 458 459  591 592 602 603 
448 449 459 460  592 593 603 604 
449 450 460 461  593 594 604 605 
450 451 461 462  594 595 605 606 
451 452 462 463  595 596 606 607 
452 453 463 464  596 597 607 608 
454 455 465 466  598 599 609 610 
455 456 466 467  599 600 610 611 
462 463 468 469  606 607 612 613 
463 464 469 470  607 608 613 614 
465 466 471 472  609 610 615 616 
466 467 472 473  610 611 616 617 
468 469 474 475  612 613 618 619 
469 470 475 476  613 614 619 620 
471 472 477 478  615 616 621 622 
472 473 478 479  616 617 622 623 
474 475 480 481  618 619 624 625 
475 476 481 482  619 620 625 626 
477 478 483 484  621 622 627 628 
478 479 484 485  622 623 628 629 
480 481 486 487  624 625 630 631 
481 482 487 488  625 626 631 632 
483 484 489 490  627 628 633 634 
484 485 490 491  628 629 634 635 
486 487 492 493  630 631 636 637 
487 488 493 494  631 632 637 638 
489 490 495 496  633 634 639 640 
490 491 496 497  634 635 640 641 
492 493 503 504  636 637 647 648 
493 494 504 505  637 638 648 649 
495 496 506 507  639 640 650 651 
496 497 507 508  640 641 651 652 
497 498 508 509  641 642 652 653 
498 499 509 510  642 643 653 654 
499 500 510 511  643 644 654 655 
500 501 511 512  644 645 655 656 
501 502 512 513  645 646 656 657 
502 503 513 514  646 647 657 658 
503 504 514 515  647 648 658 659 
504 505 515 516  648 649 659 660 
506 507 517 518  650 651 661 662 
507 508 518 519  651 652 662 663 
508 509 519 520  652 653 663 664 
509 510 520 521  653 654 664 665 
510 511 521 522  654 655 665 666 
511 512 522 523  655 656 666 667 
512 513 523 524  656 657 667 668 
513 514 524 525  657 658 668 669 
514 515 525 526  658 659 669 670 
515 516 526 527  659 660 670 671 
528 530 529 531  672 674 673 675 
529 531 456 457  673 675 600 601 
530 532 531 533  674 676 675 677 
531 533 457 458  675 677 601 602 
532 534 533 535  676 678 677 679 
533 535 458 459  677 679 602 603 
534 536 535 537  678 680 679 681 
535 537 459 460  679 681 603 604 
536 538 537 539  680 682 681 683 
537 539 460 461  681 683 604 605 
538 540 539 541  682 684 683 685 
539 541 461 462  683 685 605 606 
540 542 541 543  684 686 685 687 
541 543 462 468  685 687 606 612 
542 544 543 545  686 688 687 689 
543 545 468 474  687 689 612 618 
544 546 545 547  688 690 689 691 
545 547 474 480  689 691 618 624 
546 548 547 549  690 692 691 693 
547 549 480 486  691 693 624 630 
548 550 549 551  692 694 693 695 
549 551 486 492  693 695 630 636 
550 552 551 553  694 696 695 697 
551 553 492 503  695 697 636 647 
552 554 553 555  696 698 697 699 
553 555 503 502  697 699 647 646 
554 556 555 557  698 700 699 701 
555 557 502 501  699 701 646 645 
556 558 557 559  700 702 701 703 
557 559 501 500  701 703 645 644 
558 560 559 561  702 704 703 705 
559 561 500 499  703 705 644 643 
560 562 561 563  704 706 705 707 
561 563 499 498  705 707 643 642 
562 564 563 565  706 708 707 709 
563 565 498 497  707 709 642 641 
564 566 565 567  708 710 709 711 
565 567 497 491  709 711 641 635 
566 568 567 569  710 712 711 713 
567 569 491 485  711 713 635 629 
568 570 569 571  712 714 713 715 
569 571 485 479  713 715 629 623 
570 572 571 573  714 716 715 717 
571 573 479 473  715 717 623 617 
572 574 573 575  716 718 717 719 
573 575 473 467  717 719 617 611 
574 528 575 529  718 672 719 673 
575 529 467 456  719 673 611 600 
576 577 587 588  720 721 731 732 
577 578 588 589  721 722 732 733 
578 579 589 590  722 723 733 734 
579 580 590 591  723 724 734 735 
580 581 591 592  724 725 735 736 
581 582 592 593  725 726 736 737 
582 583 593 594  726 727 737 738 
583 584 594 595  727 728 738 739 
584 585 595 596  728 729 739 740 
585 586 596 597  729 730 740 741 
587 588 598 599  731 732 742 743 
588 589 599 600  732 733 743 744 
589 590 600 601  733 734 744 745 
590 591 601 602  734 735 745 746 
591 592 602 603  735 736 746 747 
592 593 603 604  736 737 747 748 
593 594 604 605  737 738 748 749 
594 595 605 606  738 739 749 750 
595 596 606 607  739 740 750 751 
596 597 607 608  740 741 751 752 
598 599 609 610  742 743 753 754 
599 600 610 611  743 744 754 755 
606 607 612 613  750 751 756 757 
607 608 613 614  751 752 757 758 
609 610 615 616  753 754 759 760 
610 611 616 617  754 755 760 761 
612 613 618 619  756 757 762 763 
613 614 619 620  757 758 763 764 
615 616 621 622  759 760 765 766 
616 617 622 623  760 761 766 767 
618 619 624 625  762 763 768 769 
619 620 625 626  763 764 769 770 
621 622 627 628  765 766 771 772 
622 623 628 629  766 767 772 773 
624 625 630 631  768 769 774 775 
625 626 631 632  769 770 775 776 
627 628 633 634  771 772 777 778 
628 629 634 635  772 773 778 779 
630 631 636 637  774 775 780 781 
631 632 637 638  775 776 781 782 
633 634 639 640  777 778 783 784 
634 635 640 641  778 779 784 785 
636 637 647 648  780 781 791 792 
637 638 648 649  781 782 792 793 
639 640 650 651  783 784 794 795 
640 641 651 652  784 785 795 796 
641 642 652 653  785 786 796 797 
642 643 653 654  786 787 797 798 
643 644 654 655  787 788 798 799 
644 645 655 656  788 789 799 800 
645 646 656 657  789 790 800 801 
646 647 657 658  790 791 801 802 
647 648 658 659  791 792 802 803 
648 649 659 660  792 793 803 804 
650 651 661 662  794 795 805 806 
651 652 662 663  795 796 806 807 
652 653 663 664  796 797 807 808 
653 654 664 665  797 798 808 809 
654 655 665 666  798 799 809 810 
655 656 666 667  799 800 810 811 
656 657 667 668  800 801 811 812 
657 658 668 669  801 802 812 813 
658 659 669 670  802 803 813 814 
659 660 670 671  803 804 814 815 
672 674 673 675  816 818 817 819 
673 675 600 601  817 819 744 745 
674 676 675 677  818 820 819 821 
675 677 601 602  819 821 745 746 
676 678 677 679  820 822 821 823 
677 679 602 603  821 823 746 747 
678 680 679 681  822 824 823 825 
679 681 603 604  823 825 747 748 
680 682 681 683  824 826 825 827 
681 683 604 605  825 827 748 749 
682 684 683 685  826 828 827 829 
683 685 605 606  827 829 749 750 
684 686 685 687  828 830 829 831 
685 687 606 612  829 831 750 756 
686 688 687 689  830 832 831 833 
687 689 612 618  831 833 756 762 
688 690 689 691  832 834 833 835 
689 691 618 624  833 835 762 768 
690 692 691 693  834 836 835 837 
691 693 624 630  835 837 768 774 
692 694 693 695  836 838 837 839 
693 695 630 636  837 839 774 780 
694 696 695 697  838 840 839 841 
695 697 636 647  839 841 780 791 
696 698 697 699  840 842 841 843 
697 699 647 646  841 843 791 790 
698 700 699 701  842 844 843 845 
699 701 646 645  843 845 790 789 
700 702 701 703  844 846 845 847 
701 703 645 644  845 847 789 788 
702 704 703 705  846 848 847 849 
703 705 644 643  847 849 788 787 
704 706 705 707  848 850 849 851 
705 707 643 642  849 851 787 786 
706 708 707 709  850 852 851 853 
707 709 642 641  851 853 786 785 
708 710 709 711  852 854 853 855 
709 711 641 635  853 855 785 779 
710 712 711 713  854 856 855 857 
711 713 635 629  855 857 779 773 
712 714 713 715  856 858 857 859 
713 715 629 623  857 859 773 767 
714 716 715 717  858 860 859 861 
715 717 623 617  859 861 767 761 
716 718 717 719  860 862 861 863 
717 719 617 611  861 863 761 755 
718 672 719 673  862 816 863 817 
719 673 611 600  863 817 755 744 
720 721 731 732  864 865 875 876 
721 722 732 733  865 866 876 877 
722 723 733 734  866 867 877 878 
723 724 734 735  867 868 878 879 
724 725 735 736  868 869 879 880 
725 726 736 737  869 870 880 881 
726 727 737 738  870 871 881 882 
727 728 738 739  871 872 882 883 
728 729 739 740  872 873 883 884 
729 730 740 741  873 874 884 885 
731 732 742 743  875 876 886 887 
732 733 743 744  876 877 887 888 
733 734 744 745  877 878 888 889 
734 735 745 746  878 879 889 890 
735 736 746 747  879 880 890 891 
736 737 747 748  880 881 891 892 
737 738 748 749  881 882 892 893 
738 739 749 750  882 883 893 894 
739 740 750 751  883 884 894 895 
740 741 751 752  884 885 895 896 
742 743 753 754  886 887 897 898 
743 744 754 755  887 888 898 899 
750 751 756 757  894 895 900 901 
751 752 757 758  895 896 901 902 
753 754 759 760  897 898 903 904 
754 755 760 761  898 899 904 905 
756 757 762 763  900 901 906 907 
757 758 763 764  901 902 907 908 
759 760 765 766  903 904 909 910 
760 761 766 767  904 905 910 911 
762 763 768 769  906 907 912 913 
763 764 769 770  907 908 913 914 
765 766 771 772  909 910 915 916 
766 767 772 773  910 911 916 917 
768 769 774 775  912 913 918 919 
769 770 775 776  913 914 919 920 
771 772 777 778  915 916 921 922 
772 773 778 779  916 917 922 923 
774 775 780 781  918 919 924 925 
775 776 781 782  919 920 925 926 
777 778 783 784  921 922 927 928 
778 779 784 785  922 923 928 929 
780 781 791 792  924 925 935 936 
781 782 792 793  925 926 936 937 
783 784 794 795  927 928 938 939 
784 785 795 796  928 929 939 940 
785 786 796 797  929 930 940 941 
786 787 797 798  930 931 941 942 
787 788 798 799  931 932 942 943 
788 789 799 800  932 933 943 944 
789 790 800 801  933 934 944 945 
790 791 801 802  934 935 945 946 
791 792 802 803  935 936 946 947 
792 793 803 804  936 937 947 948 
794 795 805 806  938 939 949 950 
795 796 806 807  939 940 950 951 
796 797 807 808  940 941 951 952 
797 798 808 809  941 942 952 953 
798 799 809 810  942 943 953 954 
799 800 810 811  943 944 954 955 
800 801 811 812  944 945 955 956 
801 802 812 813  945 946 956 957 
802 803 813 814  946 947 957 958 
803 804 814 815  947 948 958 959 
816 818 817 819  960 962 961 963 
817 819 744 745  961 963 888 889 
818 820 819 821  962 964 963 965 
819 821 745 746  963 965 889 890 
820 822 821 823  964 966 965 967 
821 823 746 747  965 967 890 891 
822 824 823 825  966 968 967 969 
823 825 747 748  967 969 891 892 
824 826 825 827  968 970 969 971 
825 827 748 749  969 971 892 893 
826 828 827 829  970 972 971 973 
827 829 749 750  971 973 893 894 
828 830 829 831  972 974 973 975 
829 831 750 756  973 975 894 900 
830 832 831 833  974 976 975 977 
831 833 756 762  975 977 900 906 
832 834 833 835  976 978 977 979 
833 835 762 768  977 979 906 912 
834 836 835 837  978 980 979 981 
835 837 768 774  979 981 912 918 
836 838 837 839  980 982 981 983 
837 839 774 780  981 983 918 924 
838 840 839 841  982 984 983 985 
839 841 780 791  983 985 924 935 
840 842 841 843  984 986 985 987 
841 843 791 790  985 987 935 934 
842 844 843 845  986 988 987 989 
843 845 790 789  987 989 934 933 
844 846 845 847  988 990 989 991 
845 847 789 788  989 991 933 932 
846 848 847 849  990 992 991 993 
847 849 788 787  991 993 932 931 
848 850 849 851  992 994 993 995 
849 851 787 786  993 995 931 930 
850 852 851 853  994 996 995 997 
851 853 786 785  995 997 930 929 
852 854 853 855  996 998 997 999 
853 855 785 779  997 999 929 923 
854 856 855 857  998 1000 999 1001 
855 857 779 773  999 1001 923 917 
856 858 857 859  1000 1002 1001 1003 
857 859 773 767  1001 1003 917 911 
858 860 859 861  1002 1004 1003 1005 
859 861 767 761  1003 1005 911 905 
860 862 861 863  1004 1006 1005 1007 
861 863 761 755  1005 1007 905 899 
862 816 863 817  1006 960 1007 961 
863 817 755 744  1007 961 899 888 
864 865 875 876  1008 1009 1019 1020 
865 866 876 877  1009 1010 1020 1021 
866 867 877 878  1010 1011 1021 1022 
867 868 878 879  1011 1012 1022 1023 
868 869 879 880  1012 1013 1023 1024 
869 870 880 881  1013 1014 1024 1025 
870 871 881 882  1014 1015 1025 1026 
871 872 882 883  1015 1016 1026 1027 
872 873 883 884  1016 1017 1027 1028 
873 874 884 885  1017 1018 1028 1029 
875 876 886 887  1019 1020 1030 1031 
876 877 887 888  1020 1021 1031 1032 
877 878 888 889  1021 1022 1032 1033 
878 879 889 890  1022 1023 1033 1034 
879 880 890 891  1023 1024 1034 1035 
880 881 891 892  1024 1025 1035 1036 
881 882 892 893  1025 1026 1036 1037 
882 883 893 894  1026 1027 1037 1038 
883 884 894 895  1027 1028 1038 1039 
884 885 895 896  1028 1029 1039 1040 
886 887 897 898  1030 1031 1041 1042 
887 888 898 899  1031 1032 1042 1043 
894 895 900 901  1038 1039 1044 1045 
895 896 901 902  1039 1040 1045 1046 
897 898 903 904  1041 1042 1047 1048 
898 899 904 905  1042 1043 1048 1049 
900 901 906 907  1044 1045 1050 1051 
901 902 907 908  1045 1046 1051 1052 
903 904 909 910  1047 1048 1053 1054 
904 905 910 911  1048 1049 1054 1055 
906 907 912 913  1050 1051 1056 1057 
907 908 913 914  1051 1052 1057 1058 
909 910 915 916  1053 1054 1059 1060 
910 911 916 917  1054 1055 1060 1061 
912 913 918 919  1056 1057 1062 1063 
913 914 919 920  1057 1058 1063 1064 
915 916 921 922  1059 1060 1065 1066 
916 917 922 923  1060 1061 1066 1067 
918 919 924 925  1062 1063 1068 1069 
919 920 925 926  1063 1064 1069 1070 
921 922 927 928  1065 1066 1071 1072 
922 923 928 929  1066 1067 1072 1073 
924 925 935 936  1068 1069 1079 1080 
925 926 936 937  1069 1070 1080 1081 
927 928 938 939  1071 1072 1082 1083 
928 929 939 940  1072 1073 1083 1084 
929 930 940 941  1073 1074 1084 1085 
930 931 941 942  1074 1075 1085 1086 
931 932 942 943  1075 1076 1086 1087 
932 933 943 944  1076 1077 1087 1088 
933 934 944 945  1077 1078 1088 1089 
934 935 945 946  1078 1079 1089 1090 
935 936 946 947  1079 1080 1090 1091 
936 937 947 948  1080 1081 1091 1092 
938 939 949 950  1082 1083 1093 1094 
939 940 950 951  1083 1084 1094 1095 
940 941 951 952  1084 1085 1095 1096 
941 942 952 953  1085 1086 1096 1097 
942 943 953 954  1086 1087 1097 1098 
943 944 954 955  1087 1088 1098 1099 
944 945 955 956  1088 1089 1099 1100 
945 946 956 957  1089 1090 1100 1101 
946 947 957 958  1090 1091 1101 1102 
947 948 958 959  1091 1092 1102 1103 
960 962 961 963  1104 1106 1105 1107 
961 963 888 889  1105 1107 1032 1033 
962 964 963 965  1106 1108 1107 1109 
963 965 889 890  1107 1109 1033 1034 
964 966 965 967  1108 1110 1109 1111 
965 967 890 891  1109 1111 1034 1035 
966 968 967 969  1110 1112 1111 1113 
967 969 891 892  1111 1113 1035 1036 
968 970 969 971  1112 1114 1113 1115 
969 971 892 893  1113 1115 1036 1037 
970 972 971 973  1114 1116 1115 1117 
971 973 893 894  1115 1117 1037 1038 
972 974 973 975  1116 1118 1117 1119 
973 975 894 900  1117 1119 1038 1044 
974 976 975 977  1118 1120 1119 1121 
975 977 900 906  1119 1121 1044 1050 
976 978 977 979  1120 1122 1121 1123 
977 979 906 912  1121 1123 1050 1056 
978 980 979 981  1122 1124 1123 1125 
979 981 912 918  1123 1125 1056 1062 
980 982 981 983  1124 1126 1125 1127 
981 983 918 924  1125 1127 1062 1068 
982 984 983 985  1126 1128 1127 1129 
983 985 924 935  1127 1129 1068 1079 
984 986 985 987  1128 1130 1129 1131 
985 987 935 934  1129 1131 1079 1078 
986 988 987 989  1130 1132 1131 1133 
987 989 934 933  1131 1133 1078 1077 
988 990 989 991  1132 1134 1133 1135 
989 991 933 932  1133 1135 1077 1076 
990 992 991 993  1134 1136 1135 1137 
991 993 932 931  1135 1137 1076 1075 
992 994 993 995  1136 1138 1137 1139 
993 995 931 930  1137 1139 1075 1074 
994 996 995 997  1138 1140 1139 1141 
995 997 930 929  1139 1141 1074 1073 
996 998 997 999  1140 1142 1141 1143 
997 999 929 923  1141 1143 1073 1067 
998 1000 999 1001  1142 1144 1143 1145 
999 1001 923 917  1143 1145 1067 1061 
1000 1002 1001 1003  1144 1146 1145 1147 
1001 1003 917 911  1145 1147 1061 1055 
1002 1004 1003 1005  1146 1148 1147 1149 
1003 1005 911 905  1147 1149 1055 1049 
1004 1006 1005 1007  1148 1150 1149 1151 
1005 1007 905 899  1149 1151 1049 1043 
1006 960 1007 961  1150 1104 1151 1105 
1007 961 899 888  1151 1105 1043 1032 
1008 1009 1019 1020  1152 1153 1163 1164 
1009 1010 1020 1021  1153 1154 1164 1165 
1010 1011 1021 1022  1154 1155 1165 1166 
1011 1012 1022 1023  1155 1156 1166 1167 
1012 1013 1023 1024  1156 1157 1167 1168 
1013 1014 1024 1025  1157 1158 1168 1169 
1014 1015 1025 1026  1158 1159 1169 1170 
1015 1016 1026 1027  1159 1160 1170 1171 
1016 1017 1027 1028  1160 1161 1171 1172 
1017 1018 1028 1029  1161 1162 1172 1173 
1019 1020 1030 1031  1163 1164 1174 1175 
1020 1021 1031 1032  1164 1165 1175 1176 
1021 1022 1032 1033  1165 1166 1176 1177 
1022 1023 1033 1034  1166 1167 1177 1178 
1023 1024 1034 1035  1167 1168 1178 1179 
1024 1025 1035 1036  1168 1169 1179 1180 
1025 1026 1036 1037  1169 1170 1180 1181 
1026 1027 1037 1038  1170 1171 1181 1182 
1027 1028 1038 1039  1171 1172 1182 1183 
1028 1029 1039 1040  1172 1173 1183 1184 
1030 1031 1041 1042  1174 1175 1185 1186 
1031 1032 1042 1043  1175 1176 1186 1187 
1038 1039 1044 1045  1182 1183 1188 1189 
1039 1040 1045 1046  1183 1184 1189 1190 
1041 1042 1047 1048  1185 1186 1191 1192 
1042 1043 1048 1049  1186 1187 1192 1193 
1044 1045 1050 1051  1188 1189 1194 1195 
1045 1046 1051 1052  1189 1190 1195 1196 
1047 1048 1053 1054  1191 1192 1197 1198 
1048 1049 1054 1055  1192 1193 1198 1199 
1050 1051 1056 1057  1194 1195 1200 1201 
1051 1052 1057 1058  1195 1196 1201 1202 
1053 1054 1059 1060  1197 1198 1203 1204 
1054 1055 1060 1061  1198 1199 1204 1205 
1056 1057 1062 1063  1200 1201 1206 1207 
1057 1058 1063 1064  1201 1202 1207 1208 
1059 1060 1065 1066  1203 1204 1209 1210 
1060 1061 1066 1067  1204 1205 1210 1211 
1062 1063 1068 1069  1206 1207 1212 1213 
1063 1064 1069 1070  1207 1208 1213 1214 
1065 1066 1071 1072  1209 1210 1215 1216 
1066 1067 1072 1073  1210 1211 1216 1217 
1068 1069 1079 1080  1212 1213 1223 1224 
1069 1070 1080 1081  1213 1214 1224 1225 
1071 1072 1082 1083  1215 1216 1226 1227 
1072 1073 1083 1084  1216 1217 1227 1228 
1073 1074 1084 1085  1217 1218 1228 1229 
1074 1075 1085 1086  1218 1219 1229 1230 
1075 1076 1086 1087  1219 1220 1230 1231 
1076 1077 1087 1088  1220 1221 1231 1232 
1077 1078 1088 1089  1221 1222 1232 1233 
1078 1079 1089 1090  1222 1223 1233 1234 
1079 1080 1090 1091  1223 1224 1234 1235 
1080 1081 1091 1092  1224 1225 1235 1236 
1082 1083 1093 1094  1226 1227 1237 1238 
1083 1084 1094 1095  1227 1228 1238 1239 
1084 1085 1095 1096  1228 1229 1239 1240 
1085 1086 1096 1097  1229 1230 1240 1241 
1086 1087 1097 1098  1230 1231 1241 1242 
1087 1088 1098 1099  1231 1232 1242 1243 
1088 1089 1099 1100  1232 1233 1243 1244 
1089 1090 1100 1101  1233 1234 1244 1245 
1090 1091 1101 1102  1234 1235 1245 1246 
1091 1092 1102 1103  1235 1236 1246 1247 
1104 1106 1105 1107  1248 1250 1249 1251 
1105 1107 1032 1033  1249 1251 1176 1177 
1106 1108 1107 1109  1250 1252 1251 1253 
1107 1109 1033 1034  1251 1253 1177 1178 
1108 1110 1109 1111  1252 1254 1253 1255 
1109 1111 1034 1035  1253 1255 1178 1179 
1110 1112 1111 1113  1254 1256 1255 1257 
1111 1113 1035 1036  1255 1257 1179 1180 
1112 1114 1113 1115  1256 1258 1257 1259 
1113 1115 1036 1037  1257 1259 1180 1181 
1114 1116 1115 1117  1258 1260 1259 1261 
1115 1117 1037 1038  1259 1261 1181 1182 
1116 1118 1117 1119  1260 1262 1261 1263 
1117 1119 1038 1044  1261 1263 1182 1188 
1118 1120 1119 1121  1262 1264 1263 1265 
1119 1121 1044 1050  1263 1265 1188 1194 
1120 1122 1121 1123  1264 1266 1265 1267 
1121 1123 1050 1056  1265 1267 1194 1200 
1122 1124 1123 1125  1266 1268 1267 1269 
1123 1125 1056 1062  1267 1269 1200 1206 
1124 1126 1125 1127  1268 1270 1269 1271 
1125 1127 1062 1068  1269 1271 1206 1212 
1126 1128 1127 1129  1270 1272 1271 1273 
1127 1129 1068 1079  1271 1273 1212 1223 
1128 1130 1129 1131  1272 1274 1273 1275 
1129 1131 1079 1078  1273 1275 1223 1222 
1130 1132 1131 1133  1274 1276 1275 1277 
1131 1133 1078 1077  1275 1277 1222 1221 
1132 1134 1133 1135  1276 1278 1277 1279 
1133 1135 1077 1076  1277 1279 1221 1220 
1134 1136 1135 1137  1278 1280 1279 1281 
1135 1137 1076 1075  1279 1281 1220 1219 
1136 1138 1137 1139  1280 1282 1281 1283 
1137 1139 1075 1074  1281 1283 1219 1218 
1138 1140 1139 1141  1282 1284 1283 1285 
1139 1141 1074 1073  1283 1285 1218 1217 
1140 1142 1141 1143  1284 1286 1285 1287 
1141 1143 1073 1067  1285 1287 1217 1211 
1142 1144 1143 1145  1286 1288 1287 1289 
1143 1145 1067 1061  1287 1289 1211 1205 
1144 1146 1145 1147  1288 1290 1289 1291 
1145 1147 1061 1055  1289 1291 1205 1199 
1146 1148 1147 1149  1290 1292 1291 1293 
1147 1149 1055 1049  1291 1293 1199 1193 
1148 1150 1149 1151  1292 1294 1293 1295 
1149 1151 1049 1043  1293 1295 1193 1187 
1150 1104 1151 1105  1294 1248 1295 1249 
1151 1105 1043 1032  1295 1249 1187 1176 
1152 1153 1163 1164  1296 1297 1307 1308 
1153 1154 1164 1165  1297 1298 1308 1309 
1154 1155 1165 1166  1298 1299 1309 1310 
1155 1156 1166 1167  1299 1300 1310 1311 
1156 1157 1167 1168  1300 1301 1311 1312 
1157 1158 1168 1169  1301 1302 1312 1313 
1158 1159 1169 1170  1302 1303 1313 1314 
1159 1160 1170 1171  1303 1304 1314 1315 
1160 1161 1171 1172  1304 1305 1315 1316 
1161 1162 1172 1173  1305 1306 1316 1317 
1163 1164 1174 1175  1307 1308 1318 1319 
1164 1165 1175 1176  1308 1309 1319 1320 
1165 1166 1176 1177  1309 1310 1320 1321 
1166 1167 1177 1178  1310 1311 1321 1322 
1167 1168 1178 1179  1311 1312 1322 1323 
1168 1169 1179 1180  1312 1313 1323 1324 
1169 1170 1180 1181  1313 1314 1324 1325 
1170 1171 1181 1182  1314 1315 1325 1326 
1171 1172 1182 1183  1315 1316 1326 1327 
1172 1173 1183 1184  1316 1317 1327 1328 
1174 1175 1185 1186  1318 1319 1329 1330 
1175 1176 1186 1187  1319 1320 1330 1331 
1182 1183 1188 1189  1326 1327 1332 1333 
1183 1184 1189 1190  1327 1328 1333 1334 
1185 1186 1191 1192  1329 1330 1335 1336 
1186 1187 1192 1193  1330 1331 1336 1337 
1188 1189 1194 1195  1332 1333 1338 1339 
1189 1190 1195 1196  1333 1334 1339 1340 
1191 1192 1197 1198  1335 1336 1341 1342 
1192 1193 1198 1199  1336 1337 1342 1343 
1194 1195 1200 1201  1338 1339 1344 1345 
1195 1196 1201 1202  1339 1340 1345 1346 
1197 1198 1203 1204  1341 1342 1347 1348 
1198 1199 1204 1205  1342 1343 1348 1349 
1200 1201 1206 1207  1344 1345 1350 1351 
1201 1202 1207 1208  1345 1346 1351 1352 
1203 1204 1209 1210  1347 1348 1353 1354 
1204 1205 1210 1211  1348 1349 1354 1355 
1206 1207 1212 1213  1350 1351 1356 1357 
1207 1208 1213 1214  1351 1352 1357 1358 
1209 1210 1215 1216  1353 1354 1359 1360 
1210 1211 1216 1217  1354 1355 1360 1361 
1212 1213 1223 1224  1356 1357 1367 1368 
1213 1214 1224 1225  1357 1358 1368 1369 
1215 1216 1226 1227  1359 1360 1370 1371 
1216 1217 1227 1228  1360 1361 1371 1372 
1217 1218 1228 1229  1361 1362 1372 1373 
1218 1219 1229 1230  1362 1363 1373 1374 
1219 1220 1230 1231  1363 1364 1374 1375 
1220 1221 1231 1232  1364 1365 1375 1376 
1221 1222 1232 1233  1365 1366 1376 1377 
1222 1223 1233 1234  1366 1367 1377 1378 
1223 1224 1234 1235  1367 1368 1378 1379 
1224 1225 1235 1236  1368 1369 1379 1380 
1226 1227 1237 1238  1370 1371 1381 1382 
1227 1228 1238 1239  1371 1372 1382 1383 
1228 1229 1239 1240  1372 1373 1383 1384 
1229 1230 1240 1241  1373 1374 1384 1385 
1230 1231 1241 1242  1374 1375 1385 1386 
1231 1232 1242 1243  1375 1376 1386 1387 
1232 1233 1243 1244  1376 1377 1387 1388 
1233 1234 1244 1245  1377 1378 1388 1389 
1234 1235 1245 1246  1378 1379 1389 1390 
1235 1236 1246 1247  1379 1380 1390 1391 
1248 1250 1249 1251  1392 1394 1393 1395 
1249 1251 1176 1177  1393 1395 1320 1321 
1250 1252 1251 1253  1394 1396 1395 1397 
1251 1253 1177 1178  1395 1397 1321 1322 
1252 1254 1253 1255  1396 1398 1397 1399 
1253 1255 1178 1179  1397 1399 1322 1323 
1254 1256 1255 1257  1398 1400 1399 1401 
1255 1257 1179 1180  1399 1401 1323 1324 
1256 1258 1257 1259  1400 1402 1401 1403 
1257 1259 1180 1181  1401 1403 1324 1325 
1258 1260 1259 1261  1402 1404 1403 1405 
1259 1261 1181 1182  1403 1405 1325 1326 
1260 1262 1261 1263  1404 1406 1405 1407 
1261 1263 1182 1188  1405 1407 1326 1332 
1262 1264 1263 1265  1406 1408 1407 1409 
1263 1265 1188 1194  1407 1409 1332 1338 
1264 1266 1265 1267  1408 1410 1409 1411 
1265 1267 1194 1200  1409 1411 1338 1344 
1266 1268 1267 1269  1410 1412 1411 1413 
1267 1269 1200 1206  1411 1413 1344 1350 
1268 1270 1269 1271  1412 1414 1413 1415 
1269 1271 1206 1212  1413 1415 1350 1356 
1270 1272 1271 1273  1414 1416 1415 1417 
1271 1273 1212 1223  1415 1417 1356 1367 
1272 1274 1273 1275  1416 1418 1417 1419 
1273 1275 1223 1222  1417 1419 1367 1366 
1274 1276 1275 1277  1418 1420 1419 1421 
1275 1277 1222 1221  1419 1421 1366 1365 
1276 1278 1277 1279  1420 1422 1421 1423 
1277 1279 1221 1220  1421 1423 1365 1364 
1278 1280 1279 1281  1422 1424 1423 1425 
1279 1281 1220 1219  1423 1425 1364 1363 
1280 1282 1281 1283  1424 1426 1425 1427 
1281 1283 1219 1218  1425 1427 1363 1362 
1282 1284 1283 1285  1426 1428 1427 1429 
1283 1285 1218 1217  1427 1429 1362 1361 
1284 1286 1285 1287  1428 1430 1429 1431 
1285 1287 1217 1211  1429 1431 1361 1355 
1286 1288 1287 1289  1430 1432 1431 1433 
1287 1289 1211 1205  1431 1433 1355 1349 
1288 1290 1289 1291  1432 1434 1433 1435 
1289 1291 1205 1199  1433 1435 1349 1343 
1290 1292 1291 1293  1434 1436 1435 1437 
1291 1293 1199 1193  1435 1437 1343 1337 
1292 1294 1293 1295  1436 1438 1437 1439 
1293 1295 1193 1187  1437 1439 1337 1331 
1294 1248 1295 1249  1438 1392 1439 1393 
1295 1249 1187 1176  1439 1393 1331 1320 
1296 1297 1307 1308  1440 1441 1451 1452 
1297 1298 1308 1309  1441 1442 1452 1453 
1298 1299 1309 1310  1442 1443 1453 1454 
1299 1300 1310 1311  1443 1444 1454 1455 
1300 1301 1311 1312  1444 1445 1455 1456 
1301 1302 1312 1313  1445 1446 1456 1457 
1302 1303 1313 1314  1446 1447 1457 1458 
1303 1304 1314 1315  1447 1448 1458 1459 
1304 1305 1315 1316  1448 1449 1459 1460 
1305 1306 1316 1317  1449 1450 1460 1461 
1307 1308 1318 1319  1451 1452 1462 1463 
1308 1309 1319 1320  1452 1453 1463 1464 
1309 1310 1320 1321  1453 1454 1464 1465 
1310 1311 1321 1322  1454 1455 1465 1466 
1311 1312 1322 1323  1455 1456 1466 1467 
1312 1313 1323 1324  1456 1457 1467 1468 
1313 1314 1324 1325  1457 1458 1468 1469 
1314 1315 1325 1326  1458 1459 1469 1470 
1315 1316 1326 1327  1459 1460 1470 1471 
1316 1317 1327 1328  1460 1461 1471 1472 
1318 1319 1329 1330  1462 1463 1473 1474 
1319 1320 1330 1331  1463 1464 1474 1475 
1326 1327 1332 1333  1470 1471 1476 1477 
1327 1328 1333 1334  1471 1472 1477 1478 
1329 1330 1335 1336  1473 1474 1479 1480 
1330 1331 1336 1337  1474 1475 1480 1481 
1332 1333 1338 1339  1476 1477 1482 1483 
1333 1334 1339 1340  1477 1478 1483 1484 
1335 1336 1341 1342  1479 1480 1485 1486 
1336 1337 1342 1343  1480 1481 1486 1487 
1338 1339 1344 1345  1482 1483 1488 1489 
1339 1340 1345 1346  1483 1484 1489 1490 
1341 1342 1347 1348  1485 1486 1491 1492 
1342 1343 1348 1349  1486 1487 1492 1493 
1344 1345 1350 1351  1488 1489 1494 1495 
1345 1346 1351 1352  1489 1490 1495 1496 
1347 1348 1353 1354  1491 1492 1497 1498 
1348 1349 1354 1355  1492 1493 1498 1499 
1350 1351 1356 1357  1494 1495 1500 1501 
1351 1352 1357 1358  1495 1496 1501 1502 
1353 1354 1359 1360  1497 1498 1503 1504 
1354 1355 1360 1361  1498 1499 1504 1505 
1356 1357 1367 1368  1500 1501 1511 1512 
1357 1358 1368 1369  1501 1502 1512 1513 
1359 1360 1370 1371  1503 1504 1514 1515 
1360 1361 1371 1372  1504 1505 1515 1516 
1361 1362 1372 1373  1505 1506 1516 1517 
1362 1363 1373 1374  1506 1507 1517 1518 
1363 1364 1374 1375  1507 1508 1518 1519 
1364 1365 1375 1376  1508 1509 1519 1520 
1365 1366 1376 1377  1509 1510 1520 1521 
1366 1367 1377 1378  1510 1511 1521 1522 
1367 1368 1378 1379  1511 1512 1522 1523 
1368 1369 1379 1380  1512 1513 1523 1524 
1370 1371 1381 1382  1514 1515 1525 1526 
1371 1372 1382 1383  1515 1516 1526 1527 
1372 1373 1383 1384  1516 1517 1527 1528 
1373 1374 1384 1385  1517 1518 1528 1529 
1374 1375 1385 1386  1518 1519 1529 1530 
1375 1376 1386 1387  1519 1520 1530 1531 
1376 1377 1387 1388  1520 1521 1531 1532 
1377 1378 1388 1389  1521 1522 1532 1533 
1378 1379 1389 1390  1522 1523 1533 1534 
1379 1380 1390 1391  1523 1524 1534 1535 
1392 1394 1393 1395  1536 1538 1537 1539 
1393 1395 1320 1321  1537 1539 1464 1465 
1394 1396 1395 1397  1538 1540 1539 1541 
1395 1397 1321 1322  1539 1541 1465 1466 
1396 1398 1397 1399  1540 1542 1541 1543 
1397 1399 1322 1323  1541 1543 1466 1467 
1398 1400 1399 1401  1542 1544 1543 1545 
1399 1401 1323 1324  1543 1545 1467 1468 
1400 1402 1401 1403  1544 1546 1545 1547 
1401 1403 1324 1325  1545 1547 1468 1469 
1402 1404 1403 1405  1546 1548 1547 1549 
1403 1405 1325 1326  1547 1549 1469 1470 
1404 1406 1405 1407  1548 1550 1549 1551 
1405 1407 1326 1332  1549 1551 1470 1476 
1406 1408 1407 1409  1550 1552 1551 1553 
1407 1409 1332 1338  1551 1553 1476 1482 
1408 1410 1409 1411  1552 1554 1553 1555 
1409 1411 1338 1344  1553 1555 1482 1488 
1410 1412 1411 1413  1554 1556 1555 1557 
1411 1413 1344 1350  1555 1557 1488 1494 
1412 1414 1413 1415  1556 1558 1557 1559 
1413 1415 1350 1356  1557 1559 1494 1500 
1414 1416 1415 1417  1558 1560 1559 1561 
1415 1417 1356 1367  1559 1561 1500 1511 
1416 1418 1417 1419  1560 1562 1561 1563 
1417 1419 1367 1366  1561 1563 1511 1510 
1418 1420 1419 1421  1562 1564 1563 1565 
1419 1421 1366 1365  1563 1565 1510 1509 
1420 1422 1421 1423  1564 1566 1565 1567 
1421 1423 1365 1364  1565 1567 1509 1508 
1422 1424 1423 1425  1566 1568 1567 1569 
1423 1425 1364 1363  1567 1569 1508 1507 
1424 1426 1425 1427  1568 1570 1569 1571 
1425 1427 1363 1362  1569 1571 1507 1506 
1426 1428 1427 1429  1570 1572 1571 1573 
1427 1429 1362 1361  1571 1573 1506 1505 
1428 1430 1429 1431  1572 1574 1573 1575 
1429 1431 1361 1355  1573 1575 1505 1499 
1430 1432 1431 1433  1574 1576 1575 1577 
1431 1433 1355 1349  1575 1577 1499 1493 
1432 1434 1433 1435  1576 1578 1577 1579 
1433 1435 1349 1343  1577 1579 1493 1487 
1434 1436 1435 1437  1578 1580 1579 1581 
1435 1437 1343 1337  1579 1581 1487 1481 
1436 1438 1437 1439  1580 1582 1581 1583 
1437 1439 1337 1331  1581 1583 1481 1475 
1438 1392 1439 1393  1582 1536 1583 1537 
1439 1393 1331 1320  1583 1537 1475 1464 
