0
0
1
2
3
4
5
6
7
8
9
10
12
16
20
24
28
32
36
40
44
48
51
53
57
61
65
69
73
77
81
85
89
92
94
98
102
106
110
114
118
122
126
130
133
135
139
143
147
151
155
159
163
167
171
174
176
180
184
188
192
196
200
204
208
212
215
217
221
225
229
233
237
241
245
249
253
256
258
262
266
270
274
278
282
286
290
294
297
299
303
307
311
315
319
323
327
331
335
338
340
344
348
352
356
360
364
368
372
376
379
381
385
389
393
397
401
405
409
413
417
420
424
431
438
445
452
459
466
473
480
487
492
500
513
526
539
552
565
578
591
604
617
626
634
647
660
673
686
699
712
725
738
751
760
768
781
794
807
820
833
846
859
872
885
894
902
915
928
941
954
967
980
993
1006
1019
1028
1036
1049
1062
1075
1088
1101
1114
1127
1140
1153
1162
1170
1183
1196
1209
1222
1235
1248
1261
1274
1287
1296
1304
1317
1330
1343
1356
1369
1382
1395
1408
1421
1430
1438
1451
1464
1477
1490
1503
1516
1529
1542
1555
1564
1572
1585
1598
1611
1624
1637
1650
1663
1676
1689
1698
1704
1714
1724
1734
1744
1754
1764
1774
1784
1794
1801

0
1
2
3
4
5
6
7
8
9
0
1
0
1
2
11
1
2
3
12
2
3
4
13
3
4
5
14
4
5
6
15
5
6
7
16
6
7
8
17
7
8
9
18
8
9
10
19
9
10
20
11
12
11
12
13
22
12
13
14
23
13
14
15
24
14
15
16
25
15
16
17
26
16
17
18
27
17
18
19
28
18
19
20
29
19
20
21
30
20
21
31
22
23
22
23
24
33
23
24
25
34
24
25
26
35
25
26
27
36
26
27
28
37
27
28
29
38
28
29
30
39
29
30
31
40
30
31
32
41
31
32
42
33
34
33
34
35
44
34
35
36
45
35
36
37
46
36
37
38
47
37
38
39
48
38
39
40
49
39
40
41
50
40
41
42
51
41
42
43
52
42
43
53
44
45
44
45
46
55
45
46
47
56
46
47
48
57
47
48
49
58
48
49
50
59
49
50
51
60
50
51
52
61
51
52
53
62
52
53
54
63
53
54
64
55
56
55
56
57
66
56
57
58
67
57
58
59
68
58
59
60
69
59
60
61
70
60
61
62
71
61
62
63
72
62
63
64
73
63
64
65
74
64
65
75
66
67
66
67
68
77
67
68
69
78
68
69
70
79
69
70
71
80
70
71
72
81
71
72
73
82
72
73
74
83
73
74
75
84
74
75
76
85
75
76
86
77
78
77
78
79
88
78
79
80
89
79
80
81
90
80
81
82
91
81
82
83
92
82
83
84
93
83
84
85
94
84
85
86
95
85
86
87
96
86
87
97
88
89
88
89
90
99
89
90
91
100
90
91
92
101
91
92
93
102
92
93
94
103
93
94
95
104
94
95
96
105
95
96
97
106
96
97
98
107
97
98
108
99
100
99
100
101
110
100
101
102
111
101
102
103
112
102
103
104
113
103
104
105
114
104
105
106
115
105
106
107
116
106
107
108
117
107
108
109
118
108
109
119
0
1
11
12
0
1
2
11
12
13
121
1
2
3
12
13
14
122
2
3
4
13
14
15
123
3
4
5
14
15
16
124
4
5
6
15
16
17
125
5
6
7
16
17
18
126
6
7
8
17
18
19
127
7
8
9
18
19
20
128
8
9
10
19
20
21
129
9
10
20
21
130
0
1
11
12
22
23
121
122
0
1
2
11
12
13
22
23
24
121
122
123
132
1
2
3
12
13
14
23
24
25
122
123
124
133
2
3
4
13
14
15
24
25
26
123
124
125
134
3
4
5
14
15
16
25
26
27
124
125
126
135
4
5
6
15
16
17
26
27
28
125
126
127
136
5
6
7
16
17
18
27
28
29
126
127
128
137
6
7
8
17
18
19
28
29
30
127
128
129
138
7
8
9
18
19
20
29
30
31
128
129
130
139
8
9
10
19
20
21
30
31
32
129
130
131
140
9
10
20
21
31
32
130
131
141
11
12
22
23
33
34
132
133
11
12
13
22
23
24
33
34
35
132
133
134
143
12
13
14
23
24
25
34
35
36
133
134
135
144
13
14
15
24
25
26
35
36
37
134
135
136
145
14
15
16
25
26
27
36
37
38
135
136
137
146
15
16
17
26
27
28
37
38
39
136
137
138
147
16
17
18
27
28
29
38
39
40
137
138
139
148
17
18
19
28
29
30
39
40
41
138
139
140
149
18
19
20
29
30
31
40
41
42
139
140
141
150
19
20
21
30
31
32
41
42
43
140
141
142
151
20
21
31
32
42
43
141
142
152
22
23
33
34
44
45
143
144
22
23
24
33
34
35
44
45
46
143
144
145
154
23
24
25
34
35
36
45
46
47
144
145
146
155
24
25
26
35
36
37
46
47
48
145
146
147
156
25
26
27
36
37
38
47
48
49
146
147
148
157
26
27
28
37
38
39
48
49
50
147
148
149
158
27
28
29
38
39
40
49
50
51
148
149
150
159
28
29
30
39
40
41
50
51
52
149
150
151
160
29
30
31
40
41
42
51
52
53
150
151
152
161
30
31
32
41
42
43
52
53
54
151
152
153
162
31
32
42
43
53
54
152
153
163
33
34
44
45
55
56
154
155
33
34
35
44
45
46
55
56
57
154
155
156
165
34
35
36
45
46
47
56
57
58
155
156
157
166
35
36
37
46
47
48
57
58
59
156
157
158
167
36
37
38
47
48
49
58
59
60
157
158
159
168
37
38
39
48
49
50
59
60
61
158
159
160
169
38
39
40
49
50
51
60
61
62
159
160
161
170
39
40
41
50
51
52
61
62
63
160
161
162
171
40
41
42
51
52
53
62
63
64
161
162
163
172
41
42
43
52
53
54
63
64
65
162
163
164
173
42
43
53
54
64
65
163
164
174
44
45
55
56
66
67
165
166
44
45
46
55
56
57
66
67
68
165
166
167
176
45
46
47
56
57
58
67
68
69
166
167
168
177
46
47
48
57
58
59
68
69
70
167
168
169
178
47
48
49
58
59
60
69
70
71
168
169
170
179
48
49
50
59
60
61
70
71
72
169
170
171
180
49
50
51
60
61
62
71
72
73
170
171
172
181
50
51
52
61
62
63
72
73
74
171
172
173
182
51
52
53
62
63
64
73
74
75
172
173
174
183
52
53
54
63
64
65
74
75
76
173
174
175
184
53
54
64
65
75
76
174
175
185
55
56
66
67
77
78
176
177
55
56
57
66
67
68
77
78
79
176
177
178
187
56
57
58
67
68
69
78
79
80
177
178
179
188
57
58
59
68
69
70
79
80
81
178
179
180
189
58
59
60
69
70
71
80
81
82
179
180
181
190
59
60
61
70
71
72
81
82
83
180
181
182
191
60
61
62
71
72
73
82
83
84
181
182
183
192
61
62
63
72
73
74
83
84
85
182
183
184
193
62
63
64
73
74
75
84
85
86
183
184
185
194
63
64
65
74
75
76
85
86
87
184
185
186
195
64
65
75
76
86
87
185
186
196
66
67
77
78
88
89
187
188
66
67
68
77
78
79
88
89
90
187
188
189
198
67
68
69
78
79
80
89
90
91
188
189
190
199
68
69
70
79
80
81
90
91
92
189
190
191
200
69
70
71
80
81
82
91
92
93
190
191
192
201
70
71
72
81
82
83
92
93
94
191
192
193
202
71
72
73
82
83
84
93
94
95
192
193
194
203
72
73
74
83
84
85
94
95
96
193
194
195
204
73
74
75
84
85
86
95
96
97
194
195
196
205
74
75
76
85
86
87
96
97
98
195
196
197
206
75
76
86
87
97
98
196
197
207
77
78
88
89
99
100
198
199
77
78
79
88
89
90
99
100
101
198
199
200
209
78
79
80
89
90
91
100
101
102
199
200
201
210
79
80
81
90
91
92
101
102
103
200
201
202
211
80
81
82
91
92
93
102
103
104
201
202
203
212
81
82
83
92
93
94
103
104
105
202
203
204
213
82
83
84
93
94
95
104
105
106
203
204
205
214
83
84
85
94
95
96
105
106
107
204
205
206
215
84
85
86
95
96
97
106
107
108
205
206
207
216
85
86
87
96
97
98
107
108
109
206
207
208
217
86
87
97
98
108
109
207
208
218
88
89
99
100
110
111
209
210
88
89
90
99
100
101
110
111
112
209
210
211
220
89
90
91
100
101
102
111
112
113
210
211
212
221
90
91
92
101
102
103
112
113
114
211
212
213
222
91
92
93
102
103
104
113
114
115
212
213
214
223
92
93
94
103
104
105
114
115
116
213
214
215
224
93
94
95
104
105
106
115
116
117
214
215
216
225
94
95
96
105
106
107
116
117
118
215
216
217
226
95
96
97
106
107
108
117
118
119
216
217
218
227
96
97
98
107
108
109
118
119
120
217
218
219
228
97
98
108
109
119
120
218
219
229
99
100
110
111
220
221
99
100
101
110
111
112
220
221
222
231
100
101
102
111
112
113
221
222
223
232
101
102
103
112
113
114
222
223
224
233
102
103
104
113
114
115
223
224
225
234
103
104
105
114
115
116
224
225
226
235
104
105
106
115
116
117
225
226
227
236
105
106
107
116
117
118
226
227
228
237
106
107
108
117
118
119
227
228
229
238
107
108
109
118
119
120
228
229
230
239
108
109
119
120
229
230
240
