1584
0 0 0
1 0 0
2 0 0
3 0 0
4 0 0
5 0 0
6 0 0
7 0 0
8 0 0
9 0 0
10 0 0
0 1 0
1 1 0
2 1 0
3 1 0
4 1 0
5 1 0
6 1 0
7 1 0
8 1 0
9 1 0
10 1 0
0 2 0
1 2 0
2 2 0
3 2 0
4 2 0
5 2 0
6 2 0
7 2 0
8 2 0
9 2 0
10 2 0
0 3 0
1 3 0
2 3 0
8 3 0
9 3 0
10 3 0
0 4 0
1 4 0
2 4 0
8 4 0
9 4 0
10 4 0
0 5 0
1 5 0
2 5 0
8 5 0
9 5 0
10 5 0
0 6 0
1 6 0
2 6 0
8 6 0
9 6 0
10 6 0
0 7 0
1 7 0
2 7 0
8 7 0
9 7 0
10 7 0
0 8 0
1 8 0
2 8 0
3 8 0
4 8 0
5 8 0
6 8 0
7 8 0
8 8 0
9 8 0
10 8 0
0 9 0
1 9 0
2 9 0
3 9 0
4 9 0
5 9 0
6 9 0
7 9 0
8 9 0
9 9 0
10 9 0
0 10 0
1 10 0
2 10 0
3 10 0
4 10 0
5 10 0
6 10 0
7 10 0
8 10 0
9 10 0
10 10 0
4.74644660940673 4.74644660940673 0
3.64786796564404 3.64786796564404 0
4.81957592741524 4.68604065475583 0
4.09174555644914 3.6116243928535 0
4.93279507741462 4.62878612725938 0
4.55967704644877 3.57727167635563 0
5.08387935299452 4.60025994283015 0
5.05032761179671 3.56015596569809 0
5.23940509743198 4.61982688662319 0
5.54364305845919 3.57189613197391 0
5.36128102896464 4.67369937379453 0
6.01676861737879 3.60421962427672 0
5.44157856438787 4.73486429324055 0
6.46494713863272 3.64091857594433 0
5.50497106077151 4.80674509392408 0
6.50298263646291 4.08404705635445 0
5.56749876315889 4.92267288293973 0
6.54049925789533 4.55360372976384 0
5.59970299967679 5.08276886208011 0
6.55982179980608 5.04966131724807 0
5.57753206840562 5.24819960743623 0
6.54651924104337 5.54891976446174 0
5.51823056478988 5.37401312865544 0
6.51093833887393 6.02440787719326 0
5.45355339059327 5.45355339059327 0
6.47213203435596 6.47213203435596 0
5.37401312865544 5.51823056478988 0
6.02440787719326 6.51093833887393 0
5.24819960743623 5.57753206840562 0
5.54891976446174 6.54651924104337 0
5.08276886208011 5.59970299967679 0
5.04966131724807 6.55982179980608 0
4.92267288293973 5.56749876315889 0
4.55360372976384 6.54049925789533 0
4.80674509392408 5.50497106077151 0
4.08404705635445 6.50298263646291 0
4.73486429324055 5.44157856438787 0
3.64091857594433 6.46494713863272 0
4.67369937379453 5.36128102896464 0
3.60421962427672 6.01676861737879 0
4.61982688662319 5.23940509743198 0
3.57189613197391 5.54364305845919 0
4.60025994283015 5.08387935299452 0
3.56015596569809 5.05032761179671 0
4.62878612725938 4.93279507741462 0
3.57727167635563 4.55967704644877 0
4.68604065475583 4.81957592741524 0
3.6116243928535 4.09174555644914 0
0 0 1
1 0 1
2 0 1
3 0 1
4 0 1
5 0 1
6 0 1
7 0 1
8 0 1
9 0 1
10 0 1
0 1 1
1 1 1
2 1 1
3 1 1
4 1 1
5 1 1
6 1 1
7 1 1
8 1 1
9 1 1
10 1 1
0 2 1
1 2 1
2 2 1
3 2 1
4 2 1
5 2 1
6 2 1
7 2 1
8 2 1
9 2 1
10 2 1
0 3 1
1 3 1
2 3 1
8 3 1
9 3 1
10 3 1
0 4 1
1 4 1
2 4 1
8 4 1
9 4 1
10 4 1
0 5 1
1 5 1
2 5 1
8 5 1
9 5 1
10 5 1
0 6 1
1 6 1
2 6 1
8 6 1
9 6 1
10 6 1
0 7 1
1 7 1
2 7 1
8 7 1
9 7 1
10 7 1
0 8 1
1 8 1
2 8 1
3 8 1
4 8 1
5 8 1
6 8 1
7 8 1
8 8 1
9 8 1
10 8 1
0 9 1
1 9 1
2 9 1
3 9 1
4 9 1
5 9 1
6 9 1
7 9 1
8 9 1
9 9 1
10 9 1
0 10 1
1 10 1
2 10 1
3 10 1
4 10 1
5 10 1
6 10 1
7 10 1
8 10 1
9 10 1
10 10 1
4.74644660940673 4.74644660940673 1
3.64786796564404 3.64786796564404 1
4.81957592741524 4.68604065475583 1
4.09174555644914 3.6116243928535 1
4.93279507741462 4.62878612725938 1
4.55967704644877 3.57727167635563 1
5.08387935299452 4.60025994283015 1
5.05032761179671 3.56015596569809 1
5.23940509743198 4.61982688662319 1
5.54364305845919 3.57189613197391 1
5.36128102896464 4.67369937379453 1
6.01676861737879 3.60421962427672 1
5.44157856438787 4.73486429324055 1
6.46494713863272 3.64091857594433 1
5.50497106077151 4.80674509392408 1
6.50298263646291 4.08404705635445 1
5.56749876315889 4.92267288293973 1
6.54049925789533 4.55360372976384 1
5.59970299967679 5.08276886208011 1
6.55982179980608 5.04966131724807 1
5.57753206840562 5.24819960743623 1
6.54651924104337 5.54891976446174 1
5.51823056478988 5.37401312865544 1
6.51093833887393 6.02440787719326 1
5.45355339059327 5.45355339059327 1
6.47213203435596 6.47213203435596 1
5.37401312865544 5.51823056478988 1
6.02440787719326 6.51093833887393 1
5.24819960743623 5.57753206840562 1
5.54891976446174 6.54651924104337 1
5.08276886208011 5.59970299967679 1
5.04966131724807 6.55982179980608 1
4.92267288293973 5.56749876315889 1
4.55360372976384 6.54049925789533 1
4.80674509392408 5.50497106077151 1
4.08404705635445 6.50298263646291 1
4.73486429324055 5.44157856438787 1
3.64091857594433 6.46494713863272 1
4.67369937379453 5.36128102896464 1
3.60421962427672 6.01676861737879 1
4.61982688662319 5.23940509743198 1
3.57189613197391 5.54364305845919 1
4.60025994283015 5.08387935299452 1
3.56015596569809 5.05032761179671 1
4.62878612725938 4.93279507741462 1
3.57727167635563 4.55967704644877 1
4.68604065475583 4.81957592741524 1
3.6116243928535 4.09174555644914 1
0 0 2
1 0 2
2 0 2
3 0 2
4 0 2
5 0 2
6 0 2
7 0 2
8 0 2
9 0 2
10 0 2
0 1 2
1 1 2
2 1 2
3 1 2
4 1 2
5 1 2
6 1 2
7 1 2
8 1 2
9 1 2
10 1 2
0 2 2
1 2 2
2 2 2
3 2 2
4 2 2
5 2 2
6 2 2
7 2 2
8 2 2
9 2 2
10 2 2
0 3 2
1 3 2
2 3 2
8 3 2
9 3 2
10 3 2
0 4 2
1 4 2
2 4 2
8 4 2
9 4 2
10 4 2
0 5 2
1 5 2
2 5 2
8 5 2
9 5 2
10 5 2
0 6 2
1 6 2
2 6 2
8 6 2
9 6 2
10 6 2
0 7 2
1 7 2
2 7 2
8 7 2
9 7 2
10 7 2
0 8 2
1 8 2
2 8 2
3 8 2
4 8 2
5 8 2
6 8 2
7 8 2
8 8 2
9 8 2
10 8 2
0 9 2
1 9 2
2 9 2
3 9 2
4 9 2
5 9 2
6 9 2
7 9 2
8 9 2
9 9 2
10 9 2
0 10 2
1 10 2
2 10 2
3 10 2
4 10 2
5 10 2
6 10 2
7 10 2
8 10 2
9 10 2
10 10 2
4.74644660940673 4.74644660940673 2
3.64786796564404 3.64786796564404 2
4.81957592741524 4.68604065475583 2
4.09174555644914 3.6116243928535 2
4.93279507741462 4.62878612725938 2
4.55967704644877 3.57727167635563 2
5.08387935299452 4.60025994283015 2
5.05032761179671 3.56015596569809 2
5.23940509743198 4.61982688662319 2
5.54364305845919 3.57189613197391 2
5.36128102896464 4.67369937379453 2
6.01676861737879 3.60421962427672 2
5.44157856438787 4.73486429324055 2
6.46494713863272 3.64091857594433 2
5.50497106077151 4.80674509392408 2
6.50298263646291 4.08404705635445 2
5.56749876315889 4.92267288293973 2
6.54049925789533 4.55360372976384 2
5.59970299967679 5.08276886208011 2
6.55982179980608 5.04966131724807 2
5.57753206840562 5.24819960743623 2
6.54651924104337 5.54891976446174 2
5.51823056478988 5.37401312865544 2
6.51093833887393 6.02440787719326 2
5.45355339059327 5.45355339059327 2
6.47213203435596 6.47213203435596 2
5.37401312865544 5.51823056478988 2
6.02440787719326 6.51093833887393 2
5.24819960743623 5.57753206840562 2
5.54891976446174 6.54651924104337 2
5.08276886208011 5.59970299967679 2
5.04966131724807 6.55982179980608 2
4.92267288293973 5.56749876315889 2
4.55360372976384 6.54049925789533 2
4.80674509392408 5.50497106077151 2
4.08404705635445 6.50298263646291 2
4.73486429324055 5.44157856438787 2
3.64091857594433 6.46494713863272 2
4.67369937379453 5.36128102896464 2
3.60421962427672 6.01676861737879 2
4.61982688662319 5.23940509743198 2
3.57189613197391 5.54364305845919 2
4.60025994283015 5.08387935299452 2
3.56015596569809 5.05032761179671 2
4.62878612725938 4.93279507741462 2
3.57727167635563 4.55967704644877 2
4.68604065475583 4.81957592741524 2
3.6116243928535 4.09174555644914 2
0 0 3
1 0 3
2 0 3
3 0 3
4 0 3
5 0 3
6 0 3
7 0 3
8 0 3
9 0 3
10 0 3
0 1 3
1 1 3
2 1 3
3 1 3
4 1 3
5 1 3
6 1 3
7 1 3
8 1 3
9 1 3
10 1 3
0 2 3
1 2 3
2 2 3
3 2 3
4 2 3
5 2 3
6 2 3
7 2 3
8 2 3
9 2 3
10 2 3
0 3 3
1 3 3
2 3 3
8 3 3
9 3 3
10 3 3
0 4 3
1 4 3
2 4 3
8 4 3
9 4 3
10 4 3
0 5 3
1 5 3
2 5 3
8 5 3
9 5 3
10 5 3
0 6 3
1 6 3
2 6 3
8 6 3
9 6 3
10 6 3
0 7 3
1 7 3
2 7 3
8 7 3
9 7 3
10 7 3
0 8 3
1 8 3
2 8 3
3 8 3
4 8 3
5 8 3
6 8 3
7 8 3
8 8 3
9 8 3
10 8 3
0 9 3
1 9 3
2 9 3
3 9 3
4 9 3
5 9 3
6 9 3
7 9 3
8 9 3
9 9 3
10 9 3
0 10 3
1 10 3
2 10 3
3 10 3
4 10 3
5 10 3
6 10 3
7 10 3
8 10 3
9 10 3
10 10 3
4.74644660940673 4.74644660940673 3
3.64786796564404 3.64786796564404 3
4.81957592741524 4.68604065475583 3
4.09174555644914 3.6116243928535 3
4.93279507741462 4.62878612725938 3
4.55967704644877 3.57727167635563 3
5.08387935299452 4.60025994283015 3
5.05032761179671 3.56015596569809 3
5.23940509743198 4.61982688662319 3
5.54364305845919 3.57189613197391 3
5.36128102896464 4.67369937379453 3
6.01676861737879 3.60421962427672 3
5.44157856438787 4.73486429324055 3
6.46494713863272 3.64091857594433 3
5.50497106077151 4.80674509392408 3
6.50298263646291 4.08404705635445 3
5.56749876315889 4.92267288293973 3
6.54049925789533 4.55360372976384 3
5.59970299967679 5.08276886208011 3
6.55982179980608 5.04966131724807 3
5.57753206840562 5.24819960743623 3
6.54651924104337 5.54891976446174 3
5.51823056478988 5.37401312865544 3
6.51093833887393 6.02440787719326 3
5.45355339059327 5.45355339059327 3
6.47213203435596 6.47213203435596 3
5.37401312865544 5.51823056478988 3
6.02440787719326 6.51093833887393 3
5.24819960743623 5.57753206840562 3
5.54891976446174 6.54651924104337 3
5.08276886208011 5.59970299967679 3
5.04966131724807 6.55982179980608 3
4.92267288293973 5.56749876315889 3
4.55360372976384 6.54049925789533 3
4.80674509392408 5.50497106077151 3
4.08404705635445 6.50298263646291 3
4.73486429324055 5.44157856438787 3
3.64091857594433 6.46494713863272 3
4.67369937379453 5.36128102896464 3
3.60421962427672 6.01676861737879 3
4.61982688662319 5.23940509743198 3
3.57189613197391 5.54364305845919 3
4.60025994283015 5.08387935299452 3
3.56015596569809 5.05032761179671 3
4.62878612725938 4.93279507741462 3
3.57727167635563 4.55967704644877 3
4.68604065475583 4.81957592741524 3
3.6116243928535 4.09174555644914 3
0 0 4
1 0 4
2 0 4
3 0 4
4 0 4
5 0 4
6 0 4
7 0 4
8 0 4
9 0 4
10 0 4
0 1 4
1 1 4
2 1 4
3 1 4
4 1 4
5 1 4
6 1 4
7 1 4
8 1 4
9 1 4
10 1 4
0 2 4
1 2 4
2 2 4
3 2 4
4 2 4
5 2 4
6 2 4
7 2 4
8 2 4
9 2 4
10 2 4
0 3 4
1 3 4
2 3 4
8 3 4
9 3 4
10 3 4
0 4 4
1 4 4
2 4 4
8 4 4
9 4 4
10 4 4
0 5 4
1 5 4
2 5 4
8 5 4
9 5 4
10 5 4
0 6 4
1 6 4
2 6 4
8 6 4
9 6 4
10 6 4
0 7 4
1 7 4
2 7 4
8 7 4
9 7 4
10 7 4
0 8 4
1 8 4
2 8 4
3 8 4
4 8 4
5 8 4
6 8 4
7 8 4
8 8 4
9 8 4
10 8 4
0 9 4
1 9 4
2 9 4
3 9 4
4 9 4
5 9 4
6 9 4
7 9 4
8 9 4
9 9 4
10 9 4
0 10 4
1 10 4
2 10 4
3 10 4
4 10 4
5 10 4
6 10 4
7 10 4
8 10 4
9 10 4
10 10 4
4.74644660940673 4.74644660940673 4
3.64786796564404 3.64786796564404 4
4.81957592741524 4.68604065475583 4
4.09174555644914 3.6116243928535 4
4.93279507741462 4.62878612725938 4
4.55967704644877 3.57727167635563 4
5.08387935299452 4.60025994283015 4
5.05032761179671 3.56015596569809 4
5.23940509743198 4.61982688662319 4
5.54364305845919 3.57189613197391 4
5.36128102896464 4.67369937379453 4
6.01676861737879 3.60421962427672 4
5.44157856438787 4.73486429324055 4
6.46494713863272 3.64091857594433 4
5.50497106077151 4.80674509392408 4
6.50298263646291 4.08404705635445 4
5.56749876315889 4.92267288293973 4
6.54049925789533 4.55360372976384 4
5.59970299967679 5.08276886208011 4
6.55982179980608 5.04966131724807 4
5.57753206840562 5.24819960743623 4
6.54651924104337 5.54891976446174 4
5.51823056478988 5.37401312865544 4
6.51093833887393 6.02440787719326 4
5.45355339059327 5.45355339059327 4
6.47213203435596 6.47213203435596 4
5.37401312865544 5.51823056478988 4
6.02440787719326 6.51093833887393 4
5.24819960743623 5.57753206840562 4
5.54891976446174 6.54651924104337 4
5.08276886208011 5.59970299967679 4
5.04966131724807 6.55982179980608 4
4.92267288293973 5.56749876315889 4
4.55360372976384 6.54049925789533 4
4.80674509392408 5.50497106077151 4
4.08404705635445 6.50298263646291 4
4.73486429324055 5.44157856438787 4
3.64091857594433 6.46494713863272 4
4.67369937379453 5.36128102896464 4
3.60421962427672 6.01676861737879 4
4.61982688662319 5.23940509743198 4
3.57189613197391 5.54364305845919 4
4.60025994283015 5.08387935299452 4
3.56015596569809 5.05032761179671 4
4.62878612725938 4.93279507741462 4
3.57727167635563 4.55967704644877 4
4.68604065475583 4.81957592741524 4
3.6116243928535 4.09174555644914 4
0 0 5.1
1 0 5.1
2 0 5.1
3 0 5.1
4 0 5.1
5 0 5.1
6 0 5.1
7 0 5.1
8 0 5.1
9 0 5.1
10 0 5.1
0 1 5.1
1 1 5.1
2 1 5.1
3 1 5.1
4 1 5.1
5 1 5.1
6 1 5.1
7 1 5.1
8 1 5.1
9 1 5.1
10 1 5.1
0 2 5.1
1 2 5.1
2 2 5.1
3 2 5.1
4 2 5.1
5 2 5.1
6 2 5.1
7 2 5.1
8 2 5.1
9 2 5.1
10 2 5.1
0 3 5.1
1 3 5.1
2 3 5.1
8 3 5.1
9 3 5.1
10 3 5.1
0 4 5.1
1 4 5.1
2 4 5.1
8 4 5.1
9 4 5.1
10 4 5.1
0 5 5.1
1 5 5.1
2 5 5.1
8 5 5.1
9 5 5.1
10 5 5.1
0 6 5.1
1 6 5.1
2 6 5.1
8 6 5.1
9 6 5.1
10 6 5.1
0 7 5.1
1 7 5.1
2 7 5.1
8 7 5.1
9 7 5.1
10 7 5.1
0 8 5.1
1 8 5.1
2 8 5.1
3 8 5.1
4 8 5.1
5 8 5.1
6 8 5.1
7 8 5.1
8 8 5.1
9 8 5.1
10 8 5.1
0 9 5.1
1 9 5.1
2 9 5.1
3 9 5.1
4 9 5.1
5 9 5.1
6 9 5.1
7 9 5.1
8 9 5.1
9 9 5.1
10 9 5.1
0 10 5.1
1 10 5.1
2 10 5.1
3 10 5.1
4 10 5.1
5 10 5.1
6 10 5.1
7 10 5.1
8 10 5.1
9 10 5.1
10 10 5.1
4.74644660940673 4.74644660940673 5.1
3.64786796564404 3.64786796564404 5.1
4.81957592741524 4.68604065475583 5.1
4.09174555644914 3.6116243928535 5.1
4.93279507741462 4.62878612725938 5.1
4.55967704644877 3.57727167635563 5.1
5.08387935299452 4.60025994283015 5.1
5.05032761179671 3.56015596569809 5.1
5.23940509743198 4.61982688662319 5.1
5.54364305845919 3.57189613197391 5.1
5.36128102896464 4.67369937379453 5.1
6.01676861737879 3.60421962427672 5.1
5.44157856438787 4.73486429324055 5.1
6.46494713863272 3.64091857594433 5.1
5.50497106077151 4.80674509392408 5.1
6.50298263646291 4.08404705635445 5.1
5.56749876315889 4.92267288293973 5.1
6.54049925789533 4.55360372976384 5.1
5.59970299967679 5.08276886208011 5.1
6.55982179980608 5.04966131724807 5.1
5.57753206840562 5.24819960743623 5.1
6.54651924104337 5.54891976446174 5.1
5.51823056478988 5.37401312865544 5.1
6.51093833887393 6.02440787719326 5.1
5.45355339059327 5.45355339059327 5.1
6.47213203435596 6.47213203435596 5.1
5.37401312865544 5.51823056478988 5.1
6.02440787719326 6.51093833887393 5.1
5.24819960743623 5.57753206840562 5.1
5.54891976446174 6.54651924104337 5.1
5.08276886208011 5.59970299967679 5.1
5.04966131724807 6.55982179980608 5.1
4.92267288293973 5.56749876315889 5.1
4.55360372976384 6.54049925789533 5.1
4.80674509392408 5.50497106077151 5.1
4.08404705635445 6.50298263646291 5.1
4.73486429324055 5.44157856438787 5.1
3.64091857594433 6.46494713863272 5.1
4.67369937379453 5.36128102896464 5.1
3.60421962427672 6.01676861737879 5.1
4.61982688662319 5.23940509743198 5.1
3.57189613197391 5.54364305845919 5.1
4.60025994283015 5.08387935299452 5.1
3.56015596569809 5.05032761179671 5.1
4.62878612725938 4.93279507741462 5.1
3.57727167635563 4.55967704644877 5.1
4.68604065475583 4.81957592741524 5.1
3.6116243928535 4.09174555644914 5.1
0 0 6.1
1 0 6.1
2 0 6.1
3 0 6.1
4 0 6.1
5 0 6.1
6 0 6.1
7 0 6.1
8 0 6.1
9 0 6.1
10 0 6.1
0 1 6.1
1 1 6.1
2 1 6.1
3 1 6.1
4 1 6.1
5 1 6.1
6 1 6.1
7 1 6.1
8 1 6.1
9 1 6.1
10 1 6.1
0 2 6.1
1 2 6.1
2 2 6.1
3 2 6.1
4 2 6.1
5 2 6.1
6 2 6.1
7 2 6.1
8 2 6.1
9 2 6.1
10 2 6.1
0 3 6.1
1 3 6.1
2 3 6.1
8 3 6.1
9 3 6.1
10 3 6.1
0 4 6.1
1 4 6.1
2 4 6.1
8 4 6.1
9 4 6.1
10 4 6.1
0 5 6.1
1 5 6.1
2 5 6.1
8 5 6.1
9 5 6.1
10 5 6.1
0 6 6.1
1 6 6.1
2 6 6.1
8 6 6.1
9 6 6.1
10 6 6.1
0 7 6.1
1 7 6.1
2 7 6.1
8 7 6.1
9 7 6.1
10 7 6.1
0 8 6.1
1 8 6.1
2 8 6.1
3 8 6.1
4 8 6.1
5 8 6.1
6 8 6.1
7 8 6.1
8 8 6.1
9 8 6.1
10 8 6.1
0 9 6.1
1 9 6.1
2 9 6.1
3 9 6.1
4 9 6.1
5 9 6.1
6 9 6.1
7 9 6.1
8 9 6.1
9 9 6.1
10 9 6.1
0 10 6.1
1 10 6.1
2 10 6.1
3 10 6.1
4 10 6.1
5 10 6.1
6 10 6.1
7 10 6.1
8 10 6.1
9 10 6.1
10 10 6.1
4.74644660940673 4.74644660940673 6.1
3.64786796564404 3.64786796564404 6.1
4.81957592741524 4.68604065475583 6.1
4.09174555644914 3.6116243928535 6.1
4.93279507741462 4.62878612725938 6.1
4.55967704644877 3.57727167635563 6.1
5.08387935299452 4.60025994283015 6.1
5.05032761179671 3.56015596569809 6.1
5.23940509743198 4.61982688662319 6.1
5.54364305845919 3.57189613197391 6.1
5.36128102896464 4.67369937379453 6.1
6.01676861737879 3.60421962427672 6.1
5.44157856438787 4.73486429324055 6.1
6.46494713863272 3.64091857594433 6.1
5.50497106077151 4.80674509392408 6.1
6.50298263646291 4.08404705635445 6.1
5.56749876315889 4.92267288293973 6.1
6.54049925789533 4.55360372976384 6.1
5.59970299967679 5.08276886208011 6.1
6.55982179980608 5.04966131724807 6.1
5.57753206840562 5.24819960743623 6.1
6.54651924104337 5.54891976446174 6.1
5.51823056478988 5.37401312865544 6.1
6.51093833887393 6.02440787719326 6.1
5.45355339059327 5.45355339059327 6.1
6.47213203435596 6.47213203435596 6.1
5.37401312865544 5.51823056478988 6.1
6.02440787719326 6.51093833887393 6.1
5.24819960743623 5.57753206840562 6.1
5.54891976446174 6.54651924104337 6.1
5.08276886208011 5.59970299967679 6.1
5.04966131724807 6.55982179980608 6.1
4.92267288293973 5.56749876315889 6.1
4.55360372976384 6.54049925789533 6.1
4.80674509392408 5.50497106077151 6.1
4.08404705635445 6.50298263646291 6.1
4.73486429324055 5.44157856438787 6.1
3.64091857594433 6.46494713863272 6.1
4.67369937379453 5.36128102896464 6.1
3.60421962427672 6.01676861737879 6.1
4.61982688662319 5.23940509743198 6.1
3.57189613197391 5.54364305845919 6.1
4.60025994283015 5.08387935299452 6.1
3.56015596569809 5.05032761179671 6.1
4.62878612725938 4.93279507741462 6.1
3.57727167635563 4.55967704644877 6.1
4.68604065475583 4.81957592741524 6.1
3.6116243928535 4.09174555644914 6.1
0 0 7
1 0 7
2 0 7
3 0 7
4 0 7
5 0 7
6 0 7
7 0 7
8 0 7
9 0 7
10 0 7
0 1 7
1 1 7
2 1 7
3 1 7
4 1 7
5 1 7
6 1 7
7 1 7
8 1 7
9 1 7
10 1 7
0 2 7
1 2 7
2 2 7
3 2 7
4 2 7
5 2 7
6 2 7
7 2 7
8 2 7
9 2 7
10 2 7
0 3 7
1 3 7
2 3 7
8 3 7
9 3 7
10 3 7
0 4 7
1 4 7
2 4 7
8 4 7
9 4 7
10 4 7
0 5 7
1 5 7
2 5 7
8 5 7
9 5 7
10 5 7
0 6 7
1 6 7
2 6 7
8 6 7
9 6 7
10 6 7
0 7 7
1 7 7
2 7 7
8 7 7
9 7 7
10 7 7
0 8 7
1 8 7
2 8 7
3 8 7
4 8 7
5 8 7
6 8 7
7 8 7
8 8 7
9 8 7
10 8 7
0 9 7
1 9 7
2 9 7
3 9 7
4 9 7
5 9 7
6 9 7
7 9 7
8 9 7
9 9 7
10 9 7
0 10 7
1 10 7
2 10 7
3 10 7
4 10 7
5 10 7
6 10 7
7 10 7
8 10 7
9 10 7
10 10 7
4.74644660940673 4.74644660940673 7
3.64786796564404 3.64786796564404 7
4.81957592741524 4.68604065475583 7
4.09174555644914 3.6116243928535 7
4.93279507741462 4.62878612725938 7
4.55967704644877 3.57727167635563 7
5.08387935299452 4.60025994283015 7
5.05032761179671 3.56015596569809 7
5.23940509743198 4.61982688662319 7
5.54364305845919 3.57189613197391 7
5.36128102896464 4.67369937379453 7
6.01676861737879 3.60421962427672 7
5.44157856438787 4.73486429324055 7
6.46494713863272 3.64091857594433 7
5.50497106077151 4.80674509392408 7
6.50298263646291 4.08404705635445 7
5.56749876315889 4.92267288293973 7
6.54049925789533 4.55360372976384 7
5.59970299967679 5.08276886208011 7
6.55982179980608 5.04966131724807 7
5.57753206840562 5.24819960743623 7
6.54651924104337 5.54891976446174 7
5.51823056478988 5.37401312865544 7
6.51093833887393 6.02440787719326 7
5.45355339059327 5.45355339059327 7
6.47213203435596 6.47213203435596 7
5.37401312865544 5.51823056478988 7
6.02440787719326 6.51093833887393 7
5.24819960743623 5.57753206840562 7
5.54891976446174 6.54651924104337 7
5.08276886208011 5.59970299967679 7
5.04966131724807 6.55982179980608 7
4.92267288293973 5.56749876315889 7
4.55360372976384 6.54049925789533 7
4.80674509392408 5.50497106077151 7
4.08404705635445 6.50298263646291 7
4.73486429324055 5.44157856438787 7
3.64091857594433 6.46494713863272 7
4.67369937379453 5.36128102896464 7
3.60421962427672 6.01676861737879 7
4.61982688662319 5.23940509743198 7
3.57189613197391 5.54364305845919 7
4.60025994283015 5.08387935299452 7
3.56015596569809 5.05032761179671 7
4.62878612725938 4.93279507741462 7
3.57727167635563 4.55967704644877 7
4.68604065475583 4.81957592741524 7
3.6116243928535 4.09174555644914 7
0 0 8
1 0 8
2 0 8
3 0 8
4 0 8
5 0 8
6 0 8
7 0 8
8 0 8
9 0 8
10 0 8
0 1 8
1 1 8
2 1 8
3 1 8
4 1 8
5 1 8
6 1 8
7 1 8
8 1 8
9 1 8
10 1 8
0 2 8
1 2 8
2 2 8
3 2 8
4 2 8
5 2 8
6 2 8
7 2 8
8 2 8
9 2 8
10 2 8
0 3 8
1 3 8
2 3 8
8 3 8
9 3 8
10 3 8
0 4 8
1 4 8
2 4 8
8 4 8
9 4 8
10 4 8
0 5 8
1 5 8
2 5 8
8 5 8
9 5 8
10 5 8
0 6 8
1 6 8
2 6 8
8 6 8
9 6 8
10 6 8
0 7 8
1 7 8
2 7 8
8 7 8
9 7 8
10 7 8
0 8 8
1 8 8
2 8 8
3 8 8
4 8 8
5 8 8
6 8 8
7 8 8
8 8 8
9 8 8
10 8 8
0 9 8
1 9 8
2 9 8
3 9 8
4 9 8
5 9 8
6 9 8
7 9 8
8 9 8
9 9 8
10 9 8
0 10 8
1 10 8
2 10 8
3 10 8
4 10 8
5 10 8
6 10 8
7 10 8
8 10 8
9 10 8
10 10 8
4.74644660940673 4.74644660940673 8
3.64786796564404 3.64786796564404 8
4.81957592741524 4.68604065475583 8
4.09174555644914 3.6116243928535 8
4.93279507741462 4.62878612725938 8
4.55967704644877 3.57727167635563 8
5.08387935299452 4.60025994283015 8
5.05032761179671 3.56015596569809 8
5.23940509743198 4.61982688662319 8
5.54364305845919 3.57189613197391 8
5.36128102896464 4.67369937379453 8
6.01676861737879 3.60421962427672 8
5.44157856438787 4.73486429324055 8
6.46494713863272 3.64091857594433 8
5.50497106077151 4.80674509392408 8
6.50298263646291 4.08404705635445 8
5.56749876315889 4.92267288293973 8
6.54049925789533 4.55360372976384 8
5.59970299967679 5.08276886208011 8
6.55982179980608 5.04966131724807 8
5.57753206840562 5.24819960743623 8
6.54651924104337 5.54891976446174 8
5.51823056478988 5.37401312865544 8
6.51093833887393 6.02440787719326 8
5.45355339059327 5.45355339059327 8
6.47213203435596 6.47213203435596 8
5.37401312865544 5.51823056478988 8
6.02440787719326 6.51093833887393 8
5.24819960743623 5.57753206840562 8
5.54891976446174 6.54651924104337 8
5.08276886208011 5.59970299967679 8
5.04966131724807 6.55982179980608 8
4.92267288293973 5.56749876315889 8
4.55360372976384 6.54049925789533 8
4.80674509392408 5.50497106077151 8
4.08404705635445 6.50298263646291 8
4.73486429324055 5.44157856438787 8
3.64091857594433 6.46494713863272 8
4.67369937379453 5.36128102896464 8
3.60421962427672 6.01676861737879 8
4.61982688662319 5.23940509743198 8
3.57189613197391 5.54364305845919 8
4.60025994283015 5.08387935299452 8
3.56015596569809 5.05032761179671 8
4.62878612725938 4.93279507741462 8
3.57727167635563 4.55967704644877 8
4.68604065475583 4.81957592741524 8
3.6116243928535 4.09174555644914 8
0 0 9
1 0 9
2 0 9
3 0 9
4 0 9
5 0 9
6 0 9
7 0 9
8 0 9
9 0 9
10 0 9
0 1 9
1 1 9
2 1 9
3 1 9
4 1 9
5 1 9
6 1 9
7 1 9
8 1 9
9 1 9
10 1 9
0 2 9
1 2 9
2 2 9
3 2 9
4 2 9
5 2 9
6 2 9
7 2 9
8 2 9
9 2 9
10 2 9
0 3 9
1 3 9
2 3 9
8 3 9
9 3 9
10 3 9
0 4 9
1 4 9
2 4 9
8 4 9
9 4 9
10 4 9
0 5 9
1 5 9
2 5 9
8 5 9
9 5 9
10 5 9
0 6 9
1 6 9
2 6 9
8 6 9
9 6 9
10 6 9
0 7 9
1 7 9
2 7 9
8 7 9
9 7 9
10 7 9
0 8 9
1 8 9
2 8 9
3 8 9
4 8 9
5 8 9
6 8 9
7 8 9
8 8 9
9 8 9
10 8 9
0 9 9
1 9 9
2 9 9
3 9 9
4 9 9
5 9 9
6 9 9
7 9 9
8 9 9
9 9 9
10 9 9
0 10 9
1 10 9
2 10 9
3 10 9
4 10 9
5 10 9
6 10 9
7 10 9
8 10 9
9 10 9
10 10 9
4.74644660940673 4.74644660940673 9
3.64786796564404 3.64786796564404 9
4.81957592741524 4.68604065475583 9
4.09174555644914 3.6116243928535 9
4.93279507741462 4.62878612725938 9
4.55967704644877 3.57727167635563 9
5.08387935299452 4.60025994283015 9
5.05032761179671 3.56015596569809 9
5.23940509743198 4.61982688662319 9
5.54364305845919 3.57189613197391 9
5.36128102896464 4.67369937379453 9
6.01676861737879 3.60421962427672 9
5.44157856438787 4.73486429324055 9
6.46494713863272 3.64091857594433 9
5.50497106077151 4.80674509392408 9
6.50298263646291 4.08404705635445 9
5.56749876315889 4.92267288293973 9
6.54049925789533 4.55360372976384 9
5.59970299967679 5.08276886208011 9
6.55982179980608 5.04966131724807 9
5.57753206840562 5.24819960743623 9
6.54651924104337 5.54891976446174 9
5.51823056478988 5.37401312865544 9
6.51093833887393 6.02440787719326 9
5.45355339059327 5.45355339059327 9
6.47213203435596 6.47213203435596 9
5.37401312865544 5.51823056478988 9
6.02440787719326 6.51093833887393 9
5.24819960743623 5.57753206840562 9
5.54891976446174 6.54651924104337 9
5.08276886208011 5.59970299967679 9
5.04966131724807 6.55982179980608 9
4.92267288293973 5.56749876315889 9
4.55360372976384 6.54049925789533 9
4.80674509392408 5.50497106077151 9
4.08404705635445 6.50298263646291 9
4.73486429324055 5.44157856438787 9
3.64091857594433 6.46494713863272 9
4.67369937379453 5.36128102896464 9
3.60421962427672 6.01676861737879 9
4.61982688662319 5.23940509743198 9
3.57189613197391 5.54364305845919 9
4.60025994283015 5.08387935299452 9
3.56015596569809 5.05032761179671 9
4.62878612725938 4.93279507741462 9
3.57727167635563 4.55967704644877 9
4.68604065475583 4.81957592741524 9
3.6116243928535 4.09174555644914 9
0 0 10
1 0 10
2 0 10
3 0 10
4 0 10
5 0 10
6 0 10
7 0 10
8 0 10
9 0 10
10 0 10
0 1 10
1 1 10
2 1 10
3 1 10
4 1 10
5 1 10
6 1 10
7 1 10
8 1 10
9 1 10
10 1 10
0 2 10
1 2 10
2 2 10
3 2 10
4 2 10
5 2 10
6 2 10
7 2 10
8 2 10
9 2 10
10 2 10
0 3 10
1 3 10
2 3 10
8 3 10
9 3 10
10 3 10
0 4 10
1 4 10
2 4 10
8 4 10
9 4 10
10 4 10
0 5 10
1 5 10
2 5 10
8 5 10
9 5 10
10 5 10
0 6 10
1 6 10
2 6 10
8 6 10
9 6 10
10 6 10
0 7 10
1 7 10
2 7 10
8 7 10
9 7 10
10 7 10
0 8 10
1 8 10
2 8 10
3 8 10
4 8 10
5 8 10
6 8 10
7 8 10
8 8 10
9 8 10
10 8 10
0 9 10
1 9 10
2 9 10
3 9 10
4 9 10
5 9 10
6 9 10
7 9 10
8 9 10
9 9 10
10 9 10
0 10 10
1 10 10
2 10 10
3 10 10
4 10 10
5 10 10
6 10 10
7 10 10
8 10 10
9 10 10
10 10 10
4.74644660940673 4.74644660940673 10
3.64786796564404 3.64786796564404 10
4.81957592741524 4.68604065475583 10
4.09174555644914 3.6116243928535 10
4.93279507741462 4.62878612725938 10
4.55967704644877 3.57727167635563 10
5.08387935299452 4.60025994283015 10
5.05032761179671 3.56015596569809 10
5.23940509743198 4.61982688662319 10
5.54364305845919 3.57189613197391 10
5.36128102896464 4.67369937379453 10
6.01676861737879 3.60421962427672 10
5.44157856438787 4.73486429324055 10
6.46494713863272 3.64091857594433 10
5.50497106077151 4.80674509392408 10
6.50298263646291 4.08404705635445 10
5.56749876315889 4.92267288293973 10
6.54049925789533 4.55360372976384 10
5.59970299967679 5.08276886208011 10
6.55982179980608 5.04966131724807 10
5.57753206840562 5.24819960743623 10
6.54651924104337 5.54891976446174 10
5.51823056478988 5.37401312865544 10
6.51093833887393 6.02440787719326 10
5.45355339059327 5.45355339059327 10
6.47213203435596 6.47213203435596 10
5.37401312865544 5.51823056478988 10
6.02440787719326 6.51093833887393 10
5.24819960743623 5.57753206840562 10
5.54891976446174 6.54651924104337 10
5.08276886208011 5.59970299967679 10
5.04966131724807 6.55982179980608 10
4.92267288293973 5.56749876315889 10
4.55360372976384 6.54049925789533 10
4.80674509392408 5.50497106077151 10
4.08404705635445 6.50298263646291 10
4.73486429324055 5.44157856438787 10
3.64091857594433 6.46494713863272 10
4.67369937379453 5.36128102896464 10
3.60421962427672 6.01676861737879 10
4.61982688662319 5.23940509743198 10
3.57189613197391 5.54364305845919 10
4.60025994283015 5.08387935299452 10
3.56015596569809 5.05032761179671 10
4.62878612725938 4.93279507741462 10
3.57727167635563 4.55967704644877 10
4.68604065475583 4.81957592741524 10
3.6116243928535 4.09174555644914 10
