1136
0 1 21 22 0
1 2 22 23 0
2 3 23 24 0
3 4 24 25 0
4 5 25 26 0
5 6 26 27 0
6 7 27 28 0
7 8 28 29 0
8 9 29 30 0
9 10 30 31 0
10 11 31 32 0
11 12 32 33 0
12 13 33 34 0
13 14 34 35 0
14 15 35 36 0
15 16 36 37 0
16 17 37 38 0
17 18 38 39 0
18 19 39 40 0
19 20 40 41 0
21 22 42 43 0
24 25 44 45 0
25 26 45 46 0
26 27 46 47 0
27 28 47 48 0
28 29 48 49 0
29 30 49 50 0
30 31 50 51 0
31 32 51 52 0
32 33 52 53 0
33 34 53 54 0
34 35 54 55 0
35 36 55 56 0
36 37 56 57 0
37 38 57 58 0
38 39 58 59 0
39 40 59 60 0
40 41 60 61 0
42 43 62 63 0
44 45 65 66 0
45 46 66 67 0
46 47 67 68 0
47 48 68 69 0
48 49 69 70 0
49 50 70 71 0
50 51 71 72 0
51 52 72 73 0
52 53 73 74 0
53 54 74 75 0
54 55 75 76 0
55 56 76 77 0
56 57 77 78 0
57 58 78 79 0
58 59 79 80 0
59 60 80 81 0
60 61 81 82 0
62 63 83 84 0
63 64 84 85 0
64 65 85 86 0
65 66 86 87 0
66 67 87 88 0
67 68 88 89 0
68 69 89 90 0
69 70 90 91 0
70 71 91 92 0
71 72 92 93 0
72 73 93 94 0
73 74 94 95 0
74 75 95 96 0
77 78 97 98 0
78 79 98 99 0
79 80 99 100 0
80 81 100 101 0
81 82 101 102 0
83 84 103 104 0
84 85 104 105 0
85 86 105 106 0
86 87 106 107 0
87 88 107 108 0
88 89 108 109 0
89 90 109 110 0
90 91 110 111 0
91 92 111 112 0
92 93 112 113 0
93 94 113 114 0
94 95 114 115 0
95 96 115 116 0
97 98 118 119 0
98 99 119 120 0
99 100 120 121 0
100 101 121 122 0
101 102 122 123 0
103 104 124 125 0
104 105 125 126 0
105 106 126 127 0
106 107 127 128 0
107 108 128 129 0
108 109 129 130 0
109 110 130 131 0
110 111 131 132 0
111 112 132 133 0
112 113 133 134 0
113 114 134 135 0
114 115 135 136 0
115 116 136 137 0
116 117 137 138 0
117 118 138 139 0
118 119 139 140 0
119 120 140 141 0
120 121 141 142 0
121 122 142 143 0
122 123 143 144 0
124 125 145 146 0
125 126 146 147 0
126 127 147 148 0
127 128 148 149 0
128 129 149 150 0
129 130 150 151 0
130 131 151 152 0
131 132 152 153 0
132 133 153 154 0
133 134 154 155 0
134 135 155 156 0
135 136 156 157 0
136 137 157 158 0
137 138 158 159 0
138 139 159 160 0
139 140 160 161 0
140 141 161 162 0
141 142 162 163 0
142 143 163 164 0
143 144 164 165 0
145 146 166 167 0
146 147 167 168 0
147 148 168 169 0
148 149 169 170 0
149 150 170 171 0
150 151 171 172 0
151 152 172 173 0
152 153 173 174 0
153 154 174 175 0
154 155 175 176 0
155 156 176 177 0
156 157 177 178 0
157 158 178 179 0
158 159 179 180 0
159 160 180 181 0
160 161 181 182 0
161 162 182 183 0
162 163 183 184 0
163 164 184 185 0
164 165 185 186 0
166 167 187 188 0
167 168 188 189 0
168 169 189 190 0
169 170 190 191 0
170 171 191 192 0
171 172 192 193 0
172 173 193 194 0
173 174 194 195 0
174 175 195 196 0
175 176 196 197 0
176 177 197 198 0
177 178 198 199 0
178 179 199 200 0
179 180 200 201 0
180 181 201 202 0
181 182 202 203 0
182 183 203 204 0
183 184 204 205 0
184 185 205 206 0
185 186 206 207 0
187 188 208 209 0
188 189 209 210 0
189 190 210 211 0
190 191 211 212 0
191 192 212 213 0
192 193 213 214 0
193 194 214 215 0
194 195 215 216 0
195 196 216 217 0
198 199 218 219 0
199 200 219 220 0
200 201 220 221 0
201 202 221 222 0
202 203 222 223 0
203 204 223 224 0
204 205 224 225 0
205 206 225 226 0
206 207 226 227 0
208 209 228 229 0
209 210 229 230 0
210 211 230 231 0
211 212 231 232 0
212 213 232 233 0
213 214 233 234 0
214 215 234 235 0
215 216 235 236 0
216 217 236 237 0
218 219 239 240 0
219 220 240 241 0
220 221 241 242 0
221 222 242 243 0
222 223 243 244 0
223 224 244 245 0
224 225 245 246 0
225 226 246 247 0
226 227 247 248 0
228 229 249 250 0
229 230 250 251 0
230 231 251 252 0
231 232 252 253 0
232 233 253 254 0
233 234 254 255 0
234 235 255 256 0
235 236 256 257 0
236 237 257 258 0
237 238 258 259 0
238 239 259 260 0
239 240 260 261 0
240 241 261 262 0
241 242 262 263 0
242 243 263 264 0
243 244 264 265 0
244 245 265 266 0
245 246 266 267 0
246 247 267 268 0
247 248 268 269 0
249 250 270 271 0
250 251 271 272 0
251 252 272 273 0
252 253 273 274 0
253 254 274 275 0
254 255 275 276 0
255 256 276 277 0
256 257 277 278 0
257 258 278 279 0
258 259 279 280 0
259 260 280 281 0
260 261 281 282 0
261 262 282 283 0
262 263 283 284 0
263 264 284 285 0
264 265 285 286 0
265 266 286 287 0
266 267 287 288 0
267 268 288 289 0
268 269 289 290 0
270 271 291 292 0
271 272 292 293 0
272 273 293 294 0
273 274 294 295 0
274 275 295 296 0
275 276 296 297 0
276 277 297 298 0
277 278 298 299 0
278 279 299 300 0
279 280 300 301 0
280 281 301 302 0
281 282 302 303 0
282 283 303 304 0
283 284 304 305 0
284 285 305 306 0
285 286 306 307 0
286 287 307 308 0
287 288 308 309 0
288 289 309 310 0
289 290 310 311 0
291 292 312 313 0
292 293 313 314 0
293 294 314 315 0
294 295 315 316 0
295 296 316 317 0
296 297 317 318 0
297 298 318 319 0
298 299 319 320 0
299 300 320 321 0
300 301 321 322 0
301 302 322 323 0
302 303 323 324 0
303 304 324 325 0
304 305 325 326 0
305 306 326 327 0
306 307 327 328 0
307 308 328 329 0
308 309 329 330 0
309 310 330 331 0
310 311 331 332 0
312 313 333 334 0
313 314 334 335 0
314 315 335 336 0
315 316 336 337 0
316 317 337 338 0
317 318 338 339 0
318 319 339 340 0
319 320 340 341 0
320 321 341 342 0
321 322 342 343 0
322 323 343 344 0
323 324 344 345 0
324 325 345 346 0
325 326 346 347 0
326 327 347 348 0
327 328 348 349 0
328 329 349 350 0
329 330 350 351 0
330 331 351 352 0
331 332 352 353 0
333 334 354 355 0
334 335 355 356 0
335 336 356 357 0
336 337 357 358 0
337 338 358 359 0
338 339 359 360 0
339 340 360 361 0
340 341 361 362 0
341 342 362 363 0
342 343 363 364 0
343 344 364 365 0
344 345 365 366 0
345 346 366 367 0
346 347 367 368 0
347 348 368 369 0
348 349 369 370 0
349 350 370 371 0
350 351 371 372 0
351 352 372 373 0
352 353 373 374 0
354 355 375 376 0
355 356 376 377 0
356 357 377 378 0
357 358 378 379 0
358 359 379 380 0
359 360 380 381 0
360 361 381 382 0
361 362 382 383 0
362 363 383 384 0
363 364 384 385 0
364 365 385 386 0
365 366 386 387 0
366 367 387 388 0
367 368 388 389 0
368 369 389 390 0
369 370 390 391 0
370 371 391 392 0
371 372 392 393 0
372 373 393 394 0
373 374 394 395 0
375 376 396 397 0
376 377 397 398 0
377 378 398 399 0
378 379 399 400 0
379 380 400 401 0
380 381 401 402 0
381 382 402 403 0
382 383 403 404 0
383 384 404 405 0
384 385 405 406 0
385 386 406 407 0
386 387 407 408 0
387 388 408 409 0
388 389 409 410 0
389 390 410 411 0
390 391 411 412 0
391 392 412 413 0
392 393 413 414 0
393 394 414 415 0
394 395 415 416 0
396 397 417 418 0
397 398 418 419 0
398 399 419 420 0
399 400 420 421 0
400 401 421 422 0
401 402 422 423 0
402 403 423 424 0
403 404 424 425 0
404 405 425 426 0
405 406 426 427 0
406 407 427 428 0
407 408 428 429 0
408 409 429 430 0
409 410 430 431 0
410 411 431 432 0
411 412 432 433 0
412 413 433 434 0
413 414 434 435 0
414 415 435 436 0
415 416 436 437 0
438 443 439 444 0
439 444 440 445 0
440 445 441 446 0
441 446 442 447 0
442 447 22 23 0
443 448 444 449 0
444 449 445 450 0
445 450 446 451 0
446 451 447 452 0
447 452 23 65 0
448 453 449 454 0
449 454 450 455 0
450 455 451 456 0
451 456 452 457 0
452 457 65 64 0
453 438 454 439 0
454 439 455 440 0
455 440 456 441 0
456 441 457 442 0
457 442 64 22 0
458 463 459 464 0
459 464 460 465 0
460 465 461 466 0
461 466 462 467 0
462 467 196 197 0
463 468 464 469 0
464 469 465 470 0
465 470 466 471 0
466 471 467 472 0
467 472 197 239 0
468 473 469 474 0
469 474 470 475 0
470 475 471 476 0
471 476 472 477 0
472 477 239 238 0
473 458 474 459 0
474 459 475 460 0
475 460 476 461 0
476 461 477 462 0
477 462 238 196 0
478 483 479 484 0
479 484 480 485 0
480 485 481 486 0
481 486 482 487 0
482 487 75 76 0
483 488 484 489 0
484 489 485 490 0
485 490 486 491 0
486 491 487 492 0
487 492 76 118 0
488 493 489 494 0
489 494 490 495 0
490 495 491 496 0
491 496 492 497 0
492 497 118 117 0
493 478 494 479 0
494 479 495 480 0
495 480 496 481 0
496 481 497 482 0
497 482 117 75 0
438 443 936 941 0
443 448 941 946 0
448 453 946 951 0
453 438 951 936 0
458 463 956 961 0
463 468 961 966 0
468 473 966 971 0
473 458 971 956 0
478 483 976 981 0
483 488 981 986 0
488 493 986 991 0
493 478 991 976 0
936 941 1434 1439 0
941 946 1439 1444 0
946 951 1444 1449 0
951 936 1449 1434 0
956 961 1454 1459 0
961 966 1459 1464 0
966 971 1464 1469 0
971 956 1469 1454 0
976 981 1474 1479 0
981 986 1479 1484 0
986 991 1484 1489 0
991 976 1489 1474 0
1434 1439 1932 1937 0
1439 1444 1937 1942 0
1444 1449 1942 1947 0
1449 1434 1947 1932 0
1454 1459 1952 1957 0
1459 1464 1957 1962 0
1464 1469 1962 1967 0
1469 1454 1967 1952 0
1474 1479 1972 1977 0
1479 1484 1977 1982 0
1484 1489 1982 1987 0
1489 1474 1987 1972 0
1932 1937 2430 2435 0
1937 1942 2435 2440 0
1942 1947 2440 2445 0
1947 1932 2445 2430 0
1952 1957 2450 2455 0
1957 1962 2455 2460 0
1962 1967 2460 2465 0
1967 1952 2465 2450 0
1972 1977 2470 2475 0
1977 1982 2475 2480 0
1982 1987 2480 2485 0
1987 1972 2485 2470 0
2430 2435 2928 2933 0
2435 2440 2933 2938 0
2440 2445 2938 2943 0
2445 2430 2943 2928 0
2450 2455 2948 2953 0
2455 2460 2953 2958 0
2460 2465 2958 2963 0
2465 2450 2963 2948 0
2470 2475 2968 2973 0
2475 2480 2973 2978 0
2480 2485 2978 2983 0
2485 2470 2983 2968 0
2928 2933 3426 3431 0
2933 2938 3431 3436 0
2938 2943 3436 3441 0
2943 2928 3441 3426 0
2948 2953 3446 3451 0
2953 2958 3451 3456 0
2958 2963 3456 3461 0
2963 2948 3461 3446 0
2968 2973 3466 3471 0
2973 2978 3471 3476 0
2978 2983 3476 3481 0
2983 2968 3481 3466 0
3426 3431 3924 3929 0
3431 3436 3929 3934 0
3436 3441 3934 3939 0
3441 3426 3939 3924 0
3446 3451 3944 3949 0
3451 3456 3949 3954 0
3456 3461 3954 3959 0
3461 3446 3959 3944 0
3466 3471 3964 3969 0
3471 3476 3969 3974 0
3476 3481 3974 3979 0
3481 3466 3979 3964 0
3924 3929 4422 4427 0
3929 3934 4427 4432 0
3934 3939 4432 4437 0
3939 3924 4437 4422 0
3944 3949 4442 4447 0
3949 3954 4447 4452 0
3954 3959 4452 4457 0
3959 3944 4457 4442 0
3964 3969 4462 4467 0
3969 3974 4467 4472 0
3974 3979 4472 4477 0
3979 3964 4477 4462 0
4422 4427 4920 4925 0
4427 4432 4925 4930 0
4432 4437 4930 4935 0
4437 4422 4935 4920 0
4442 4447 4940 4945 0
4447 4452 4945 4950 0
4452 4457 4950 4955 0
4457 4442 4955 4940 0
4462 4467 4960 4965 0
4467 4472 4965 4970 0
4472 4477 4970 4975 0
4477 4462 4975 4960 0
4920 4925 5418 5423 0
4925 4930 5423 5428 0
4930 4935 5428 5433 0
4935 4920 5433 5418 0
4940 4945 5438 5443 0
4945 4950 5443 5448 0
4950 4955 5448 5453 0
4955 4940 5453 5438 0
4960 4965 5458 5463 0
4965 4970 5463 5468 0
4970 4975 5468 5473 0
4975 4960 5473 5458 0
5418 5423 5916 5921 -1000
5423 5428 5921 5926 -1000
5428 5433 5926 5931 -1000
5433 5418 5931 5916 -1000
5438 5443 5936 5941 500
5443 5448 5941 5946 500
5448 5453 5946 5951 500
5453 5438 5951 5936 500
5458 5463 5956 5961 1000
5463 5468 5961 5966 1000
5468 5473 5966 5971 1000
5473 5458 5971 5956 1000
5916 5921 6414 6419 -1000
5921 5926 6419 6424 -1000
5926 5931 6424 6429 -1000
5931 5916 6429 6414 -1000
5936 5941 6434 6439 500
5941 5946 6439 6444 500
5946 5951 6444 6449 500
5951 5936 6449 6434 500
5956 5961 6454 6459 1000
5961 5966 6459 6464 1000
5966 5971 6464 6469 1000
5971 5956 6469 6454 1000
6414 6419 6912 6917 0
6419 6424 6917 6922 0
6424 6429 6922 6927 0
6429 6414 6927 6912 0
6434 6439 6932 6937 0
6439 6444 6937 6942 0
6444 6449 6942 6947 0
6449 6434 6947 6932 0
6454 6459 6952 6957 0
6459 6464 6957 6962 0
6464 6469 6962 6967 0
6469 6454 6967 6952 0
6912 6917 7410 7415 0
6917 6922 7415 7420 0
6922 6927 7420 7425 0
6927 6912 7425 7410 0
6932 6937 7430 7435 0
6937 6942 7435 7440 0
6942 6947 7440 7445 0
6947 6932 7445 7430 0
6952 6957 7450 7455 0
6957 6962 7455 7460 0
6962 6967 7460 7465 0
6967 6952 7465 7450 0
7410 7415 7908 7913 0
7415 7420 7913 7918 0
7420 7425 7918 7923 0
7425 7410 7923 7908 0
7430 7435 7928 7933 0
7435 7440 7933 7938 0
7440 7445 7938 7943 0
7445 7430 7943 7928 0
7450 7455 7948 7953 0
7455 7460 7953 7958 0
7460 7465 7958 7963 0
7465 7450 7963 7948 0
7908 7913 8406 8411 0
7913 7918 8411 8416 0
7918 7923 8416 8421 0
7923 7908 8421 8406 0
7928 7933 8426 8431 0
7933 7938 8431 8436 0
7938 7943 8436 8441 0
7943 7928 8441 8426 0
7948 7953 8446 8451 0
7953 7958 8451 8456 0
7958 7963 8456 8461 0
7963 7948 8461 8446 0
8406 8411 8904 8909 0
8411 8416 8909 8914 0
8416 8421 8914 8919 0
8421 8406 8919 8904 0
8426 8431 8924 8929 0
8431 8436 8929 8934 0
8436 8441 8934 8939 0
8441 8426 8939 8924 0
8446 8451 8944 8949 0
8451 8456 8949 8954 0
8456 8461 8954 8959 0
8461 8446 8959 8944 0
8904 8909 9402 9407 0
8909 8914 9407 9412 0
8914 8919 9412 9417 0
8919 8904 9417 9402 0
8924 8929 9422 9427 0
8929 8934 9427 9432 0
8934 8939 9432 9437 0
8939 8924 9437 9422 0
8944 8949 9442 9447 0
8949 8954 9447 9452 0
8954 8959 9452 9457 0
8959 8944 9457 9442 0
9402 9407 9900 9905 0
9407 9412 9905 9910 0
9412 9417 9910 9915 0
9417 9402 9915 9900 0
9422 9427 9920 9925 0
9427 9432 9925 9930 0
9432 9437 9930 9935 0
9437 9422 9935 9920 0
9442 9447 9940 9945 0
9447 9452 9945 9950 0
9452 9457 9950 9955 0
9457 9442 9955 9940 0
9960 9961 9981 9982 0
9961 9962 9982 9983 0
9962 9963 9983 9984 0
9963 9964 9984 9985 0
9964 9965 9985 9986 0
9965 9966 9986 9987 0
9966 9967 9987 9988 0
9967 9968 9988 9989 0
9968 9969 9989 9990 0
9969 9970 9990 9991 0
9970 9971 9991 9992 0
9971 9972 9992 9993 0
9972 9973 9993 9994 0
9973 9974 9994 9995 0
9974 9975 9995 9996 0
9975 9976 9996 9997 0
9976 9977 9997 9998 0
9977 9978 9998 9999 0
9978 9979 9999 10000 0
9979 9980 10000 10001 0
9981 9982 10002 10003 0
9984 9985 10004 10005 0
9985 9986 10005 10006 0
9986 9987 10006 10007 0
9987 9988 10007 10008 0
9988 9989 10008 10009 0
9989 9990 10009 10010 0
9990 9991 10010 10011 0
9991 9992 10011 10012 0
9992 9993 10012 10013 0
9993 9994 10013 10014 0
9994 9995 10014 10015 0
9995 9996 10015 10016 0
9996 9997 10016 10017 0
9997 9998 10017 10018 0
9998 9999 10018 10019 0
9999 10000 10019 10020 0
10000 10001 10020 10021 0
10002 10003 10022 10023 0
10004 10005 10025 10026 0
10005 10006 10026 10027 0
10006 10007 10027 10028 0
10007 10008 10028 10029 0
10008 10009 10029 10030 0
10009 10010 10030 10031 0
10010 10011 10031 10032 0
10011 10012 10032 10033 0
10012 10013 10033 10034 0
10013 10014 10034 10035 0
10014 10015 10035 10036 0
10015 10016 10036 10037 0
10016 10017 10037 10038 0
10017 10018 10038 10039 0
10018 10019 10039 10040 0
10019 10020 10040 10041 0
10020 10021 10041 10042 0
10022 10023 10043 10044 0
10023 10024 10044 10045 0
10024 10025 10045 10046 0
10025 10026 10046 10047 0
10026 10027 10047 10048 0
10027 10028 10048 10049 0
10028 10029 10049 10050 0
10029 10030 10050 10051 0
10030 10031 10051 10052 0
10031 10032 10052 10053 0
10032 10033 10053 10054 0
10033 10034 10054 10055 0
10034 10035 10055 10056 0
10037 10038 10057 10058 0
10038 10039 10058 10059 0
10039 10040 10059 10060 0
10040 10041 10060 10061 0
10041 10042 10061 10062 0
10043 10044 10063 10064 0
10044 10045 10064 10065 0
10045 10046 10065 10066 0
10046 10047 10066 10067 0
10047 10048 10067 10068 0
10048 10049 10068 10069 0
10049 10050 10069 10070 0
10050 10051 10070 10071 0
10051 10052 10071 10072 0
10052 10053 10072 10073 0
10053 10054 10073 10074 0
10054 10055 10074 10075 0
10055 10056 10075 10076 0
10057 10058 10078 10079 0
10058 10059 10079 10080 0
10059 10060 10080 10081 0
10060 10061 10081 10082 0
10061 10062 10082 10083 0
10063 10064 10084 10085 0
10064 10065 10085 10086 0
10065 10066 10086 10087 0
10066 10067 10087 10088 0
10067 10068 10088 10089 0
10068 10069 10089 10090 0
10069 10070 10090 10091 0
10070 10071 10091 10092 0
10071 10072 10092 10093 0
10072 10073 10093 10094 0
10073 10074 10094 10095 0
10074 10075 10095 10096 0
10075 10076 10096 10097 0
10076 10077 10097 10098 0
10077 10078 10098 10099 0
10078 10079 10099 10100 0
10079 10080 10100 10101 0
10080 10081 10101 10102 0
10081 10082 10102 10103 0
10082 10083 10103 10104 0
10084 10085 10105 10106 0
10085 10086 10106 10107 0
10086 10087 10107 10108 0
10087 10088 10108 10109 0
10088 10089 10109 10110 0
10089 10090 10110 10111 0
10090 10091 10111 10112 0
10091 10092 10112 10113 0
10092 10093 10113 10114 0
10093 10094 10114 10115 0
10094 10095 10115 10116 0
10095 10096 10116 10117 0
10096 10097 10117 10118 0
10097 10098 10118 10119 0
10098 10099 10119 10120 0
10099 10100 10120 10121 0
10100 10101 10121 10122 0
10101 10102 10122 10123 0
10102 10103 10123 10124 0
10103 10104 10124 10125 0
10105 10106 10126 10127 0
10106 10107 10127 10128 0
10107 10108 10128 10129 0
10108 10109 10129 10130 0
10109 10110 10130 10131 0
10110 10111 10131 10132 0
10111 10112 10132 10133 0
10112 10113 10133 10134 0
10113 10114 10134 10135 0
10114 10115 10135 10136 0
10115 10116 10136 10137 0
10116 10117 10137 10138 0
10117 10118 10138 10139 0
10118 10119 10139 10140 0
10119 10120 10140 10141 0
10120 10121 10141 10142 0
10121 10122 10142 10143 0
10122 10123 10143 10144 0
10123 10124 10144 10145 0
10124 10125 10145 10146 0
10126 10127 10147 10148 0
10127 10128 10148 10149 0
10128 10129 10149 10150 0
10129 10130 10150 10151 0
10130 10131 10151 10152 0
10131 10132 10152 10153 0
10132 10133 10153 10154 0
10133 10134 10154 10155 0
10134 10135 10155 10156 0
10135 10136 10156 10157 0
10136 10137 10157 10158 0
10137 10138 10158 10159 0
10138 10139 10159 10160 0
10139 10140 10160 10161 0
10140 10141 10161 10162 0
10141 10142 10162 10163 0
10142 10143 10163 10164 0
10143 10144 10164 10165 0
10144 10145 10165 10166 0
10145 10146 10166 10167 0
10147 10148 10168 10169 0
10148 10149 10169 10170 0
10149 10150 10170 10171 0
10150 10151 10171 10172 0
10151 10152 10172 10173 0
10152 10153 10173 10174 0
10153 10154 10174 10175 0
10154 10155 10175 10176 0
10155 10156 10176 10177 0
10158 10159 10178 10179 0
10159 10160 10179 10180 0
10160 10161 10180 10181 0
10161 10162 10181 10182 0
10162 10163 10182 10183 0
10163 10164 10183 10184 0
10164 10165 10184 10185 0
10165 10166 10185 10186 0
10166 10167 10186 10187 0
10168 10169 10188 10189 0
10169 10170 10189 10190 0
10170 10171 10190 10191 0
10171 10172 10191 10192 0
10172 10173 10192 10193 0
10173 10174 10193 10194 0
10174 10175 10194 10195 0
10175 10176 10195 10196 0
10176 10177 10196 10197 0
10178 10179 10199 10200 0
10179 10180 10200 10201 0
10180 10181 10201 10202 0
10181 10182 10202 10203 0
10182 10183 10203 10204 0
10183 10184 10204 10205 0
10184 10185 10205 10206 0
10185 10186 10206 10207 0
10186 10187 10207 10208 0
10188 10189 10209 10210 0
10189 10190 10210 10211 0
10190 10191 10211 10212 0
10191 10192 10212 10213 0
10192 10193 10213 10214 0
10193 10194 10214 10215 0
10194 10195 10215 10216 0
10195 10196 10216 10217 0
10196 10197 10217 10218 0
10197 10198 10218 10219 0
10198 10199 10219 10220 0
10199 10200 10220 10221 0
10200 10201 10221 10222 0
10201 10202 10222 10223 0
10202 10203 10223 10224 0
10203 10204 10224 10225 0
10204 10205 10225 10226 0
10205 10206 10226 10227 0
10206 10207 10227 10228 0
10207 10208 10228 10229 0
10209 10210 10230 10231 0
10210 10211 10231 10232 0
10211 10212 10232 10233 0
10212 10213 10233 10234 0
10213 10214 10234 10235 0
10214 10215 10235 10236 0
10215 10216 10236 10237 0
10216 10217 10237 10238 0
10217 10218 10238 10239 0
10218 10219 10239 10240 0
10219 10220 10240 10241 0
10220 10221 10241 10242 0
10221 10222 10242 10243 0
10222 10223 10243 10244 0
10223 10224 10244 10245 0
10224 10225 10245 10246 0
10225 10226 10246 10247 0
10226 10227 10247 10248 0
10227 10228 10248 10249 0
10228 10229 10249 10250 0
10230 10231 10251 10252 0
10231 10232 10252 10253 0
10232 10233 10253 10254 0
10233 10234 10254 10255 0
10234 10235 10255 10256 0
10235 10236 10256 10257 0
10236 10237 10257 10258 0
10237 10238 10258 10259 0
10238 10239 10259 10260 0
10239 10240 10260 10261 0
10240 10241 10261 10262 0
10241 10242 10262 10263 0
10242 10243 10263 10264 0
10243 10244 10264 10265 0
10244 10245 10265 10266 0
10245 10246 10266 10267 0
10246 10247 10267 10268 0
10247 10248 10268 10269 0
10248 10249 10269 10270 0
10249 10250 10270 10271 0
10251 10252 10272 10273 0
10252 10253 10273 10274 0
10253 10254 10274 10275 0
10254 10255 10275 10276 0
10255 10256 10276 10277 0
10256 10257 10277 10278 0
10257 10258 10278 10279 0
10258 10259 10279 10280 0
10259 10260 10280 10281 0
10260 10261 10281 10282 0
10261 10262 10282 10283 0
10262 10263 10283 10284 0
10263 10264 10284 10285 0
10264 10265 10285 10286 0
10265 10266 10286 10287 0
10266 10267 10287 10288 0
10267 10268 10288 10289 0
10268 10269 10289 10290 0
10269 10270 10290 10291 0
10270 10271 10291 10292 0
10272 10273 10293 10294 0
10273 10274 10294 10295 0
10274 10275 10295 10296 0
10275 10276 10296 10297 0
10276 10277 10297 10298 0
10277 10278 10298 10299 0
10278 10279 10299 10300 0
10279 10280 10300 10301 0
10280 10281 10301 10302 0
10281 10282 10302 10303 0
10282 10283 10303 10304 0
10283 10284 10304 10305 0
10284 10285 10305 10306 0
10285 10286 10306 10307 0
10286 10287 10307 10308 0
10287 10288 10308 10309 0
10288 10289 10309 10310 0
10289 10290 10310 10311 0
10290 10291 10311 10312 0
10291 10292 10312 10313 0
10293 10294 10314 10315 0
10294 10295 10315 10316 0
10295 10296 10316 10317 0
10296 10297 10317 10318 0
10297 10298 10318 10319 0
10298 10299 10319 10320 0
10299 10300 10320 10321 0
10300 10301 10321 10322 0
10301 10302 10322 10323 0
10302 10303 10323 10324 0
10303 10304 10324 10325 0
10304 10305 10325 10326 0
10305 10306 10326 10327 0
10306 10307 10327 10328 0
10307 10308 10328 10329 0
10308 10309 10329 10330 0
10309 10310 10330 10331 0
10310 10311 10331 10332 0
10311 10312 10332 10333 0
10312 10313 10333 10334 0
10314 10315 10335 10336 0
10315 10316 10336 10337 0
10316 10317 10337 10338 0
10317 10318 10338 10339 0
10318 10319 10339 10340 0
10319 10320 10340 10341 0
10320 10321 10341 10342 0
10321 10322 10342 10343 0
10322 10323 10343 10344 0
10323 10324 10344 10345 0
10324 10325 10345 10346 0
10325 10326 10346 10347 0
10326 10327 10347 10348 0
10327 10328 10348 10349 0
10328 10329 10349 10350 0
10329 10330 10350 10351 0
10330 10331 10351 10352 0
10331 10332 10352 10353 0
10332 10333 10353 10354 0
10333 10334 10354 10355 0
10335 10336 10356 10357 0
10336 10337 10357 10358 0
10337 10338 10358 10359 0
10338 10339 10359 10360 0
10339 10340 10360 10361 0
10340 10341 10361 10362 0
10341 10342 10362 10363 0
10342 10343 10363 10364 0
10343 10344 10364 10365 0
10344 10345 10365 10366 0
10345 10346 10366 10367 0
10346 10347 10367 10368 0
10347 10348 10368 10369 0
10348 10349 10369 10370 0
10349 10350 10370 10371 0
10350 10351 10371 10372 0
10351 10352 10372 10373 0
10352 10353 10373 10374 0
10353 10354 10374 10375 0
10354 10355 10375 10376 0
10356 10357 10377 10378 0
10357 10358 10378 10379 0
10358 10359 10379 10380 0
10359 10360 10380 10381 0
10360 10361 10381 10382 0
10361 10362 10382 10383 0
10362 10363 10383 10384 0
10363 10364 10384 10385 0
10364 10365 10385 10386 0
10365 10366 10386 10387 0
10366 10367 10387 10388 0
10367 10368 10388 10389 0
10368 10369 10389 10390 0
10369 10370 10390 10391 0
10370 10371 10391 10392 0
10371 10372 10392 10393 0
10372 10373 10393 10394 0
10373 10374 10394 10395 0
10374 10375 10395 10396 0
10375 10376 10396 10397 0
10398 10403 10399 10404 0
10399 10404 10400 10405 0
10400 10405 10401 10406 0
10401 10406 10402 10407 0
10402 10407 9982 9983 0
10403 10408 10404 10409 0
10404 10409 10405 10410 0
10405 10410 10406 10411 0
10406 10411 10407 10412 0
10407 10412 9983 10025 0
10408 10413 10409 10414 0
10409 10414 10410 10415 0
10410 10415 10411 10416 0
10411 10416 10412 10417 0
10412 10417 10025 10024 0
10413 10398 10414 10399 0
10414 10399 10415 10400 0
10415 10400 10416 10401 0
10416 10401 10417 10402 0
10417 10402 10024 9982 0
10418 10423 10419 10424 0
10419 10424 10420 10425 0
10420 10425 10421 10426 0
10421 10426 10422 10427 0
10422 10427 10156 10157 0
10423 10428 10424 10429 0
10424 10429 10425 10430 0
10425 10430 10426 10431 0
10426 10431 10427 10432 0
10427 10432 10157 10199 0
10428 10433 10429 10434 0
10429 10434 10430 10435 0
10430 10435 10431 10436 0
10431 10436 10432 10437 0
10432 10437 10199 10198 0
10433 10418 10434 10419 0
10434 10419 10435 10420 0
10435 10420 10436 10421 0
10436 10421 10437 10422 0
10437 10422 10198 10156 0
10438 10443 10439 10444 0
10439 10444 10440 10445 0
10440 10445 10441 10446 0
10441 10446 10442 10447 0
10442 10447 10035 10036 0
10443 10448 10444 10449 0
10444 10449 10445 10450 0
10445 10450 10446 10451 0
10446 10451 10447 10452 0
10447 10452 10036 10078 0
10448 10453 10449 10454 0
10449 10454 10450 10455 0
10450 10455 10451 10456 0
10451 10456 10452 10457 0
10452 10457 10078 10077 0
10453 10438 10454 10439 0
10454 10439 10455 10440 0
10455 10440 10456 10441 0
10456 10441 10457 10442 0
10457 10442 10077 10035 0
9900 9905 10398 10403 0
9905 9910 10403 10408 0
9910 9915 10408 10413 0
9915 9900 10413 10398 0
9920 9925 10418 10423 0
9925 9930 10423 10428 0
9930 9935 10428 10433 0
9935 9920 10433 10418 0
9940 9945 10438 10443 0
9945 9950 10443 10448 0
9950 9955 10448 10453 0
9955 9940 10453 10438 0
