0 1.784383e-16 7.807119e+00
1 1.784383e-16 7.807119e+00
2 -3.141860e+01 -2.361148e+01
3 -2.676848e+01 -1.580436e+01
4 -3.141860e+01 -2.361148e+01
5 -2.676848e+01 -1.580436e+01
6 -6.683190e-16 1.877124e+01
7 -6.683190e-16 1.877124e+01
8 0.000000e+00 0.000000e+00
9 -8.495556e+01 -6.618432e+01
10 -7.012116e+01 -4.444620e+01
11 -4.473536e-16 1.877124e+01
12 -4.473536e-16 1.877124e+01
13 2.676848e+01 1.580436e+01
14 -8.495556e+01 -6.618432e+01
15 -7.012116e+01 -4.444620e+01
16 -1.413184e-16 7.807119e+00
17 -1.413184e-16 7.807119e+00
18 3.141860e+01 2.361148e+01
19 -3.141860e+01 -2.361148e+01
20 -2.676848e+01 -1.580436e+01
21 -6.445192e-16 1.877124e+01
22 -6.445192e-16 1.877124e+01
23 -8.495556e+01 -6.618432e+01
24 -7.012116e+01 -4.444620e+01
25 0.000000e+00 -1.624384e-14
26 -6.925063e-16 4.444620e+01
27 -6.925063e-16 4.444620e+01
28 0.000000e+00 1.001721e-13
29 -3.552714e-15 2.971985e-14
30 -6.628015e-16 4.444620e+01
31 -6.628015e-16 4.444620e+01
32 7.012116e+01 4.444620e+01
33 -3.552714e-15 9.322944e-14
34 -5.980958e-16 1.877124e+01
35 -5.980958e-16 1.877124e+01
36 8.495556e+01 6.618432e+01
37 0.000000e+00 1.739614e-14
38 -2.840023e-16 1.877124e+01
39 -2.840023e-16 1.877124e+01
40 -8.495556e+01 -6.618432e+01
41 -7.012116e+01 -4.444620e+01
42 2.676848e+01 1.580436e+01
43 -7.691658e-17 4.444620e+01
44 -7.691658e-17 4.444620e+01
45 0.000000e+00 1.171277e-13
46 7.012116e+01 4.444620e+01
47 4.418290e-16 4.444620e+01
48 4.418290e-16 4.444620e+01
49 7.012116e+01 4.444620e+01
50 7.012116e+01 4.444620e+01
51 7.780974e-17 1.877124e+01
52 7.780974e-17 1.877124e+01
53 8.495556e+01 6.618432e+01
54 2.676848e+01 1.580436e+01
55 -1.375646e-16 7.807119e+00
56 -1.375646e-16 7.807119e+00
57 -3.141860e+01 -2.361148e+01
58 -2.676848e+01 -1.580436e+01
59 3.141860e+01 2.361148e+01
60 1.871608e-16 1.877124e+01
61 1.871608e-16 1.877124e+01
62 -1.776357e-15 1.517829e-14
63 8.495556e+01 6.618432e+01
64 4.265757e-16 1.877124e+01
65 4.265757e-16 1.877124e+01
66 2.676848e+01 1.580436e+01
67 8.495556e+01 6.618432e+01
68 1.628551e-16 7.807119e+00
69 1.628551e-16 7.807119e+00
70 3.141860e+01 2.361148e+01
71 3.141860e+01 2.361148e+01
