0 0 0
5 0 0
10 0 0
15 0 0
20 0 0
25 0 0
30 0 0
35 0 0
40 0 0
45 0 0
50 0 0
55 0 0
60 0 0
65 0 0
70 0 0
75 0 0
80 0 0
85 0 0
90 0 0
95 0 0
100 0 0
0 5 0
5 5 -0.000134981
10 5 -0.0034454
15 5 -0.000724001
20 5 -0.00030511
25 5 -0.00020242
30 5 -0.000110552
35 5 -5.54067e-05
40 5 -1.95578e-05
45 5 7.79239e-06
50 5 3.42394e-05
55 5 6.77962e-05
60 5 0.000129063
65 5 0.000187147
70 5 0.00021971
75 5 0.000203365
80 5 0.000147186
85 5 8.9008e-05
90 5 5.20709e-05
95 5 2.42827e-05
100 5 0
0 10 0
5 10 -0.000208938
15 10 -0.00085903
20 10 -0.000706747
25 10 -0.000375711
30 10 -0.00019974
35 10 -9.92391e-05
40 10 -3.3308e-05
45 10 1.75431e-05
50 10 6.61272e-05
55 10 0.000128241
60 10 0.000215357
65 10 0.000503723
70 10 0.000610662
75 10 0.000505644
80 10 0.000276009
85 10 0.00017108
90 10 0.000101855
95 10 4.71708e-05
100 10 0
0 15 0
5 15 -0.000932176
10 15 -0.00376686
15 15 -0.0019134
20 15 -0.000966159
25 15 -0.000467332
30 15 -0.000250594
35 15 -0.000122012
40 15 -3.68967e-05
45 15 3.06325e-05
50 15 9.67173e-05
55 15 0.000171442
60 15 0.00031005
65 15 0.000191337
70 15 0.00150997
75 15 0.000607099
80 15 0.000376978
85 15 0.000251178
90 15 0.000145695
95 15 6.69824e-05
100 15 0
0 20 0
5 20 -0.00098933
10 20 -0.00168448
15 20 -0.0015712
20 20 -0.000868179
25 20 -0.000465328
30 20 -0.000250366
35 20 -0.000120609
40 20 -2.84415e-05
45 20 4.8115e-05
50 20 0.000124335
55 20 0.000217419
60 20 0.000330451
65 20 0.000396399
75 20 0.000622711
80 20 0.000536381
85 20 0.000316257
90 20 0.000178914
95 20 8.14651e-05
100 20 0
0 25 0
5 25 -0.000451556
10 25 -0.000703229
15 25 -0.000737536
20 25 -0.000586674
25 25 -0.000370577
30 25 -0.000210887
35 25 -9.74873e-05
40 25 -8.96744e-06
45 25 6.9567e-05
50 25 0.00015069
55 25 0.000251174
60 25 0.000393426
65 25 0.000765579
70 25 0.00203986
75 25 0.00129912
80 25 0.000635738
85 25 0.000347576
90 25 0.000195198
95 25 8.83456e-05
100 25 0
0 30 0
5 30 -0.000210307
10 30 -0.000355129
15 30 -0.000392482
20 30 -0.000343748
25 30 -0.000250968
30 30 -0.000150534
35 30 -6.11182e-05
40 30 1.88098e-05
45 30 9.52582e-05
50 30 0.000175317
55 30 0.000271985
60 30 0.000429999
65 30 0.000778397
70 30 0.00106401
75 30 0.000954693
80 30 0.00058409
85 30 0.000334697
90 30 0.00018973
95 30 8.69544e-05
100 30 0
0 35 0
5 35 -0.000108272
10 35 -0.000185467
15 35 -0.000215886
20 35 -0.000200032
25 35 -0.000152673
30 35 -9.00375e-05
35 35 -2.1575e-05
40 35 5.30505e-05
45 35 0.000128385
50 35 0.00020367
55 35 0.000284486
60 35 0.000390102
65 35 0.000505034
70 35 0.000562176
75 35 0.0005349
80 35 0.000421238
85 35 0.000280482
90 35 0.000167451
95 35 7.84523e-05
100 35 0
0 40 0
5 40 -5.74998e-05
10 40 -0.000100326
15 40 -0.000118964
20 40 -0.000111973
25 40 -8.36917e-05
30 40 -4.05786e-05
35 40 1.38437e-05
40 40 7.93387e-05
45 40 0.000192291
50 40 0.000273661
55 40 0.000310264
60 40 0.000327776
65 40 0.000360126
70 40 0.000375397
75 40 0.000350436
80 40 0.000291444
85 40 0.000214804
90 40 0.00013705
95 40 6.61354e-05
100 40 0
0 45 0
5 45 -3.07412e-05
10 45 -5.36585e-05
15 45 -6.32595e-05
20 45 -5.74107e-05
25 45 -3.69329e-05
30 45 -3.69635e-06
35 45 4.00011e-05
40 45 0.000103689
45 45 0.000119729
50 45 0.000427013
55 45 0.000313176
60 45 0.000287572
65 45 0.000285866
70 45 0.00027511
75 45 0.000251353
80 45 0.000211982
85 45 0.000161904
90 45 0.00010761
95 45 5.32908e-05
100 45 0
0 50 0
5 50 -1.57198e-05
10 50 -2.69281e-05
15 50 -3.01282e-05
20 50 -2.33781e-05
25 50 -6.06269e-06
30 50 2.18097e-05
35 50 6.12566e-05
40 50 0.000110567
45 50 0.00013413
55 50 0.000293719
60 50 0.000278558
65 50 0.000241984
70 50 0.00021712
75 50 0.000191623
80 50 0.000160552
85 50 0.000123897
90 50 8.3708e-05
95 50 4.2037e-05
100 50 0
0 55 0
5 55 -7.01444e-06
10 55 -1.12123e-05
15 55 -1.02391e-05
20 55 -2.42991e-06
25 55 1.33314e-05
30 55 3.81948e-05
35 55 7.45939e-05
40 55 0.000125878
45 55 0.000240989
50 55 0.00067275
55 55 0.000394821
60 55 0.000268951
65 55 0.000208848
70 55 0.000177673
75 55 0.000151736
80 55 0.000125317
85 55 9.64955e-05
90 55 6.54622e-05
95 55 3.30357e-05
100 55 0
0 60 0
5 60 -1.94283e-06
10 60 -2.0166e-06
15 60 1.44026e-06
20 60 9.79598e-06
25 60 2.42609e-05
30 60 4.64072e-05
35 60 7.91625e-05
40 60 0.000133515
45 60 0.000248129
50 60 0.000334433
55 60 0.000320613
60 60 0.000228731
65 60 0.000176607
70 60 0.000145799
75 60 0.000122027
80 60 9.94603e-05
85 60 7.61279e-05
90 60 5.15729e-05
95 60 2.60403e-05
100 60 0
0 65 0
5 65 9.10985e-07
10 65 3.11134e-06
15 65 7.79532e-06
20 65 1.60323e-05
25 65 2.88686e-05
30 65 4.76178e-05
35 65 7.4736e-05
40 65 0.00011515
45 65 0.000159733
50 65 0.000188356
55 65 0.00019137
60 65 0.000170672
65 65 0.000141123
70 65 0.000117557
75 65 9.78322e-05
80 65 7.92038e-05
85 65 6.03265e-05
90 65 4.07638e-05
95 65 2.05623e-05
100 65 0
0 70 0
5 70 2.35416e-06
10 70 5.60954e-06
15 70 1.06165e-05
20 70 1.81539e-05
25 70 2.8959e-05
30 70 4.38128e-05
35 70 6.35073e-05
40 70 8.68212e-05
45 70 0.000109299
50 70 0.000124962
55 70 0.000128338
60 70 0.000120942
65 70 0.000107439
70 70 9.21442e-05
75 70 7.72569e-05
80 70 6.25475e-05
85 70 4.75556e-05
90 70 3.20824e-05
95 70 1.6168e-05
100 70 0
0 75 0
5 75 2.88065e-06
10 75 6.38494e-06
15 75 1.10997e-05
20 75 1.75461e-05
25 75 2.61544e-05
30 75 3.71929e-05
35 75 5.04248e-05
40 75 6.46605e-05
45 75 7.76349e-05
50 75 8.64945e-05
55 75 8.95765e-05
60 75 8.67594e-05
65 75 7.96471e-05
70 75 7.01656e-05
75 75 5.95947e-05
80 75 4.84762e-05
85 75 3.6899e-05
90 75 2.48907e-05
95 75 1.25399e-05
100 75 0
0 80 0
5 80 2.81133e-06
10 80 6.04181e-06
15 80 1.00784e-05
20 80 1.52417e-05
25 80 2.17388e-05
30 80 2.95676e-05
35 80 3.83752e-05
40 80 4.73385e-05
45 80 5.52112e-05
50 80 6.07112e-05
55 80 6.2936e-05
60 80 6.17787e-05
65 80 5.7774e-05
70 80 5.17624e-05
75 80 4.44864e-05
80 80 3.64155e-05
85 80 2.77971e-05
90 80 1.8771e-05
95 80 9.45991e-06
100 80 0
0 85 0
5 85 2.36237e-06
10 85 4.99289e-06
15 85 8.13242e-06
20 85 1.19634e-05
25 85 1.65684e-05
30 85 2.18749e-05
35 85 2.75988e-05
40 85 3.32253e-05
45 85 3.80813e-05
50 85 4.14944e-05
55 85 4.30073e-05
60 85 4.2492e-05
65 85 4.01469e-05
70 85 3.63516e-05
75 85 3.1508e-05
80 85 2.59378e-05
85 85 1.98622e-05
90 85 1.34338e-05
95 85 6.77477e-06
100 85 0
0 90 0
5 90 1.68136e-06
10 90 3.51942e-06
15 90 5.6511e-06
20 90 8.17144e-06
25 90 1.11077e-05
30 90 1.43918e-05
35 90 1.78405e-05
40 90 2.11609e-05
45 90 2.3994e-05
50 90 2.59954e-05
55 90 2.69208e-05
60 90 2.66838e-05
65 90 2.53526e-05
70 90 2.30997e-05
75 90 2.01326e-05
80 90 1.66414e-05
85 90 1.2777e-05
90 90 8.65458e-06
95 90 4.36769e-06
100 90 0
0 95 0
5 95 8.69782e-07
10 95 1.81127e-06
15 95 2.8859e-06
20 95 4.1337e-06
25 95 5.56135e-06
30 95 7.13111e-06
35 95 8.75514e-06
40 95 1.0301e-05
45 95 1.1612e-05
50 95 1.25397e-05
55 95 1.29774e-05
60 95 1.28816e-05
65 95 1.2273e-05
70 95 1.12191e-05
75 95 9.80796e-06
80 95 8.12679e-06
85 95 6.25001e-06
90 95 4.23777e-06
95 95 2.13977e-06
100 95 0
0 100 0
5 100 0
10 100 0
15 100 0
20 100 0
25 100 0
30 100 0
35 100 0
40 100 0
45 100 0
50 100 0
55 100 0
60 100 0
65 100 0
70 100 0
75 100 0
80 100 0
85 100 0
90 100 0
95 100 0
100 100 0
9.74645 9.74645 -0.00084868
8.79716 8.79716 -0.00164734
7.84787 7.84787 -0.00166654
6.89858 6.89858 -0.00136276
5.94929 5.94929 -0.000835593
10.0902 9.6001 -0.000836336
10.0722 8.68008 -0.00167601
10.0541 7.76006 -0.00224288
10.0361 6.84004 -0.00270668
10.018 5.92002 -0.00310922
10.4536 10.4536 -0.00100527
11.3628 11.3628 -0.00203935
12.2721 12.2721 -0.00237397
13.1814 13.1814 -0.00240991
14.0907 14.0907 -0.00224056
10.0898 10.5999 -0.000781901
10.0718 11.4799 -0.00170099
10.0539 12.3599 -0.00234322
10.0359 13.24 -0.00288091
10.018 14.12 -0.00335703
50.9293 50.9293 0.000216173
49.7434 49.7434 0.000377423
48.5576 48.5576 0.000376237
47.3717 47.3717 0.000324918
46.1859 46.1859 0.000237188
50.9836 50.9014 0.000220198
50.7868 49.7211 0.000335323
50.5901 48.5408 0.000375639
50.3934 47.3605 0.000398604
50.1967 46.1803 0.000415273
51.0707 51.0707 0.000211258
51.8566 51.8566 0.000353644
52.6424 52.6424 0.000398289
53.4283 53.4283 0.00041353
54.2141 54.2141 0.000410647
50.9757 51.097 0.000178235
50.7806 51.8776 0.000343412
50.5854 52.6582 0.000448601
50.3903 53.4388 0.000534124
50.1951 54.2194 0.000609156
70.8586 20.8586 0.00059133
69.6869 19.6869 0.00114776
68.5151 18.5151 0.00114114
67.3434 17.3434 0.000948981
66.1717 16.1717 0.000623801
70.9671 20.8027 0.000624179
70.7737 19.6422 0.00104983
70.5803 18.4816 0.0012331
70.3868 17.3211 0.00135156
70.1934 16.1605 0.00144239
71.1414 21.1414 0.000593318
71.9131 21.9131 0.00108569
72.6849 22.6849 0.00126251
73.4566 23.4566 0.00133363
74.2283 24.2283 0.00133943
70.9515 21.194 0.000432213
70.7612 21.9552 0.000991846
70.5709 22.7164 0.00134336
70.3806 23.4776 0.00162063
70.1903 24.2388 0.00185415
