0 0 0
1 0 0
2 0 0
3 0 0
4 0 0
0 1 0
4 1 0
0 2 0
4 2 0
0 3 0
4 3 0
0 4 0
1 4 0
2 4 0
3 4 0
4 4 0
1.74645 1.74645 0.00256914
0.873223 0.873223 0.00029662
1.868 1.65708 0.0026723
1.434 0.828542 0.000654793
2.07622 1.60057 0.00274643
2.03811 0.800283 0.000820515
2.29696 1.64043 0.00268383
2.64848 0.820214 0.000684582
2.43546 1.72923 0.00257577
3.21773 0.864616 0.000314208
2.53271 1.84948 0.00268549
3.26636 1.42474 0.000703749
2.59931 2.07372 0.0027702
3.29965 2.03686 0.000896929
2.55187 2.31404 0.00269922
3.27593 2.65702 0.000741487
2.45355 2.45355 0.00258424
3.22678 3.22678 0.000336217
2.31404 2.55187 0.00269922
2.65702 3.27593 0.000741487
2.07372 2.59931 0.0027702
2.03686 3.29965 0.000896929
1.84948 2.53271 0.00268549
1.42474 3.26636 0.000703749
1.72923 2.43546 0.00257577
0.864616 3.21773 0.000314208
1.64043 2.29696 0.00268383
0.820214 2.64848 0.000684582
1.60057 2.07622 0.00274643
0.800283 2.03811 0.000820515
1.65708 1.868 0.0026723
0.828542 1.434 0.000654793
